 0.05375028774142265 0.04197460040450096 0.16672496497631073 0.013697590678930283 0.04833667352795601 0.21545696258544922 0.031349360942840576 0.024221690371632576 0.22115129232406616 0.02482423558831215 0.00798131711781025 0.2244289517402649 0.020513836294412613 -0.00999402441084385 0.2214776575565338
 0.05282474681735039 0.04465745389461517 0.16781358420848846 0.014374966733157635 0.047950442880392075 0.21491342782974243 0.032312482595443726 0.02272619679570198 0.21845832467079163 0.03292515128850937 -0.02835964784026146 0.2085881233215332 0.03331698104739189 -0.042060595005750656 0.18849581480026245
 0.04832778126001358 0.05364624410867691 0.1714140921831131 0.017342524603009224 0.04579100012779236 0.21182897686958313 0.024418802931904793 -0.01589217595756054 0.23072758316993713 0.021282227709889412 0.01036865171045065 0.22914345562458038 0.03425878286361694 -0.049078479409217834 0.1986164152622223
 0.049267712980508804 0.051974982023239136 0.1707591861486435 0.007074343040585518 0.050725776702165604 0.21893130242824554 0.02597619965672493 -0.014990109950304031 0.2292216420173645 0.0205551628023386 0.00985272042453289 0.22811783850193024 0.012373889796435833 -0.005833536386489868 0.23039095103740692
 0.05260230973362923 0.04521505534648895 0.16801071166992188 0.00011247964721405879 0.007851673290133476 0.22408030927181244 0.023167159408330917 -0.018998300656676292 0.23602436482906342 0.022738151252269745 -0.041174549609422684 0.22827497124671936 0.0069959466345608234 -0.004810868296772242 0.23261059820652008
 0.05041401460766792 0.04996123164892197 0.16990983486175537 -0.0011624793987721205 0.014086122624576092 0.22660091519355774 0.021445956081151962 0.031199205666780472 0.23330529034137726 0.01325923204421997 -0.004326684400439262 0.24413615465164185 0.030756091699004173 -0.0534513033926487 0.20502042770385742
 0.049042943865060806 0.052399203181266785 0.17089766263961792 0.0128049086779356 0.04877258837223053 0.21638385951519012 0.022056199610233307 -0.017521174624562263 0.23361270129680634 0.0245199091732502 -0.03729857876896858 0.22240127623081207 0.011430106125772 -0.005932504311203957 0.2303357571363449
 0.04988008365035057 0.050892461091279984 0.17032800614833832 -0.0015140528557822108 0.0077361841686069965 0.22427809238433838 0.02629440277814865 0.028729155659675598 0.2287231683731079 0.016907786950469017 0.01306830532848835 0.23448072373867035 0.03233703225851059 -0.05129401385784149 0.20184560120105743
 0.0498494952917099 0.05092877894639969 0.1703483760356903 0.0161136444658041 0.04675960913300514 0.21323949098587036 0.020938530564308167 -0.018003204837441444 0.23459482192993164 0.023819148540496826 -0.03780719265341759 0.2231755256652832 0.03190203383564949 -0.05148481950163841 0.20197929441928864
 0.04929491505026817 0.05187810957431793 0.1707007735967636 -0.0012632064754143357 0.007790430914610624 0.2241518795490265 0.021084986627101898 -0.017924049869179726 0.23437736928462982 0.023125838488340378 -0.03816293179988861 0.22370538115501404 0.02973434329032898 -0.04872414097189903 0.2082861363887787
 0.05101892724633217 0.04878611117601395 0.16947399079799652 0.01772111840546131 0.04537980630993843 0.21126222610473633 0.025585606694221497 -0.015415973030030727 0.23008222877979279 0.025780213996767998 -0.01988419145345688 0.22845524549484253 0.01839752309024334 -0.00871476624161005 0.22455157339572906
 0.048856817185878754 0.055051982402801514 0.17130477726459503 0.01777189038693905 0.045360393822193146 0.2112463414669037 0.027207348495721817 -0.014164114370942116 0.22793807089328766 0.033593498170375824 -0.026859693229198456 0.20632345974445343 0.03287641331553459 -0.05001026391983032 0.19987991452217102
 0.04882410541176796 0.056523241102695465 0.17124415934085846 0.017017949372529984 0.046090852469205856 0.2122749537229538 0.03186435252428055 0.02346603386104107 0.21980145573616028 0.020561952143907547 0.010032037273049355 0.22850120067596436 0.03294672816991806 -0.04927325248718262 0.19875569641590118
 0.048491962254047394 0.05570853501558304 0.1714695245027542 0.01651712693274021 0.04650290682911873 0.21283262968063354 0.032994844019412994 0.021241988986730576 0.21596939861774445 0.025918912142515182 -0.021297017112374306 0.22723881900310516 0.032151199877262115 -0.050431232899427414 0.20046018064022064
 0.048376042395830154 0.05505605414509773 0.1715090125799179 0.017756309360265732 0.04538298025727272 0.21126151084899902 0.033337391912937164 0.015674730762839317 0.20636160671710968 0.026151971891522408 -0.021209320053458214 0.22698678076267242 0.03249436244368553 -0.049715589731931686 0.19963757693767548
 0.048385776579380035 0.055793579667806625 0.1715313345193863 0.01777515932917595 0.04536046087741852 0.21124152839183807 0.03292429447174072 0.02144641987979412 0.2163771390914917 0.03326971083879471 -0.02758888527750969 0.20763522386550903 0.03354400768876076 -0.05003105476498604 0.19988161325454712
 0.04889611154794693 0.05642999708652496 0.1712460070848465 -0.00020761130144819617 0.007947074249386787 0.22418305277824402 0.0256535392254591 -0.015366802923381329 0.2300833910703659 0.01981116458773613 0.010360856540501118 0.22903701663017273 0.032307352870702744 -0.05009295791387558 0.20003001391887665
 0.048938266932964325 0.05519609898328781 0.17121459543704987 0.012962200678884983 0.048761509358882904 0.2159549742937088 0.028203140944242477 -0.013628886081278324 0.2270626574754715 0.022726647555828094 0.008901937864720821 0.2262910008430481 0.03196358680725098 -0.050814393907785416 0.20112167298793793
 0.04877400025725365 0.05393076688051224 0.17123624682426453 0.0025688367895781994 0.008001507259905338 0.223814457654953 0.028132468461990356 -0.01348184235394001 0.2265295535326004 0.02931363694369793 -0.03375345095992088 0.2168552279472351 0.03287985920906067 -0.05011335387825966 0.20008060336112976
 0.049318552017211914 0.055316437035799026 0.17105427384376526 0.004896406549960375 0.00827315915375948 0.2233678698539734 0.030056675896048546 -0.012561037205159664 0.22514614462852478 0.022778309881687164 0.008997171185910702 0.22639155387878418 0.03348178416490555 -0.04981160908937454 0.19956940412521362
 0.04910147562623024 0.05409497022628784 0.17108038067817688 0.0029546061996370554 0.008090432733297348 0.22379887104034424 0.02776438370347023 -0.013821415603160858 0.2271188199520111 0.0290409866720438 -0.03415825963020325 0.21744760870933533 0.018689539283514023 -0.009606590494513512 0.2227342575788498
