 0.04734405502676964 0.0415988527238369 0.1791529506444931 0.033922966569662094 0.0368405282497406 0.2062036693096161 0.03130992129445076 0.024403655901551247 0.22144730389118195 0.03233892098069191 -0.030829377472400665 0.21231739223003387 0.031000280752778053 -0.017440378665924072 0.20545241236686707
 0.04809851571917534 0.04342953488230705 0.17960266768932343 0.03530701994895935 0.03825356438755989 0.20095638930797577 0.03407521918416023 0.029637588188052177 0.23049888014793396 0.030671270564198494 -0.007588735315948725 0.2191762626171112 0.035001203417778015 -0.041970930993556976 0.1885000765323639
 0.047601368278265 0.04092073068022728 0.17883215844631195 0.035842254757881165 0.037563033401966095 0.20010526478290558 0.031520187854766846 -0.00958685390651226 0.21984641253948212 0.030308516696095467 0.011203312315046787 0.23083634674549103 0.03523021191358566 -0.04346117377281189 0.1906396448612213
 0.04673067107796669 0.04090899974107742 0.17895160615444183 0.0344451479613781 0.036669690161943436 0.1988254189491272 0.0317453071475029 -0.009254047647118568 0.21933457255363464 0.030316712334752083 0.010027785785496235 0.22843073308467865 0.03569300100207329 -0.043689582496881485 0.19092033803462982
 0.04701467975974083 0.041591085493564606 0.17913676798343658 0.03518281131982803 0.03181285783648491 0.20317836105823517 0.03296177089214325 0.026880281046032906 0.2256999909877777 0.034783586859703064 -0.03373158350586891 0.21683606505393982 0.027188360691070557 -0.03337697684764862 0.17609569430351257
 0.011777845211327076 0.10423954576253891 0.17505145072937012 0.0005445776041597128 0.03361519053578377 0.2660984992980957 0.0007769454969093204 0.006949994713068008 0.27340108156204224 0.0006503535551019013 -0.01685226894915104 0.26629748940467834 0.0007971306913532317 -0.03921423479914665 0.2560875117778778
 0.04564801976084709 0.06028558686375618 0.18350490927696228 0.034534018486738205 0.037493616342544556 0.19998513162136078 0.031406220048666 -0.009721525013446808 0.22022047638893127 0.03351657837629318 -0.02566855400800705 0.20450328290462494 0.02940705232322216 -0.00944386888295412 0.2227591723203659
 0.046169593930244446 0.061245325952768326 0.18329861760139465 0.03440605476498604 0.03709124028682709 0.19954532384872437 0.03180849552154541 -0.009441236965358257 0.21968276798725128 0.03152995556592941 0.00993520300835371 0.22838692367076874 0.0357898510992527 -0.039666421711444855 0.18516290187835693
 0.04639763385057449 0.06336428225040436 0.18319079279899597 0.034507397562265396 0.03703722357749939 0.1994072049856186 0.031636517494916916 -0.009270304813981056 0.21948060393333435 0.03159424290060997 0.010409184731543064 0.22947795689105988 0.029402315616607666 -0.009205853566527367 0.22322706878185272
 0.046559520065784454 0.062275055795907974 0.18312595784664154 0.034261178225278854 0.03775664046406746 0.20039810240268707 0.03129773214459419 -0.009848703630268574 0.22036346793174744 0.033140718936920166 -0.02653522975742817 0.20574243366718292 0.029643874615430832 -0.009436479769647121 0.22281590104103088
 0.04555786773562431 0.05978460609912872 0.1835022270679474 0.03359982743859291 0.0052662440575659275 0.2296055555343628 0.03224673867225647 0.02216327376663685 0.21763062477111816 0.03334536403417587 -0.0258499663323164 0.20473423600196838 0.029595553874969482 -0.00946015864610672 0.22278742492198944
 0.04420432820916176 0.04125600680708885 0.17921245098114014 0.033275306224823 0.03987589851021767 0.2032545953989029 0.029563207179307938 0.033435724675655365 0.23707236349582672 0.03140595182776451 -0.03157997131347656 0.21358682215213776 0.03122570365667343 -0.05185860022902489 0.20268213748931885
 0.04721945524215698 0.04954494908452034 0.18124093115329742 0.03237523138523102 0.04878758639097214 0.21549543738365173 0.031115299090743065 -0.013489353470504284 0.22696805000305176 0.016472574323415756 0.019501760601997375 0.24690935015678406 0.0327332578599453 -0.04746849834918976 0.19649790227413177
 0.04778506979346275 0.04702470451593399 0.18067152798175812 0.03210338577628136 0.048434242606163025 0.21513742208480835 0.030953340232372284 -0.014831607230007648 0.2291833907365799 0.014965156093239784 0.019992833957076073 0.24790099263191223 0.009550189599394798 0.0011719765607267618 0.24509693682193756
 0.045404791831970215 0.043039288371801376 0.17986173927783966 0.017483843490481377 -0.0030036321841180325 0.2477993220090866 0.03164275363087654 -0.01600574143230915 0.2311149388551712 0.015088130719959736 0.020052392035722733 0.24806778132915497 0.03130384162068367 -0.05104415491223335 0.20145606994628906
 0.04716295748949051 0.05739700049161911 0.18284033238887787 0.011091225780546665 -0.0054978313855826855 0.2529760003089905 0.024532627314329147 -0.024699168279767036 0.2459934651851654 0.031610436737537384 -0.037992410361766815 0.2234194427728653 0.0025846166536211967 0.0029132282361388206 0.24868810176849365
 0.04440038651227951 0.010287690907716751 0.16664892435073853 0.01517378631979227 -0.0033304779790341854 0.2488279938697815 0.020577000454068184 -0.026881087571382523 0.24975693225860596 0.025070859119296074 -0.046904344111680984 0.23705127835273743 0.030660118907690048 -0.05568130314350128 0.20819853246212006
 0.04724873974919319 0.018850388005375862 0.1701723337173462 0.028587479144334793 0.0028388097416609526 0.23478065431118011 0.031898170709609985 -0.018766961991786957 0.2357441633939743 0.03243156149983406 0.009631412103772163 0.2276894897222519 0.032503392547369 -0.053486283868551254 0.20487438142299652
 0.04789185896515846 0.026701034978032112 0.17333565652370453 0.028325526043772697 0.002638496458530426 0.23531508445739746 0.032724469900131226 0.022185729816555977 0.2175571769475937 0.03212141990661621 -0.03893088921904564 0.22485455870628357 0.032434940338134766 -0.05420776829123497 0.20592932403087616
 0.04816718026995659 0.02794678695499897 0.17383292317390442 0.02928147278726101 0.0036614311393350363 0.23303279280662537 0.032527320086956024 0.02243577502667904 0.21790973842144012 0.033543139696121216 0.009672744199633598 0.22773995995521545 0.026029877364635468 -0.006273936480283737 0.22941279411315918
 0.048048924654722214 0.02784833312034607 0.17380891740322113 0.0332954041659832 0.04703463613986969 0.21357174217700958 0.031736526638269424 -0.019004272297024727 0.23617255687713623 0.03373979032039642 0.009885878302156925 0.22813017666339874 0.025763101875782013 -0.006097107660025358 0.2297811210155487
 0.048140157014131546 0.027591299265623093 0.17370198667049408 0.03263600915670395 0.046393271535634995 0.2126801759004593 0.033268384635448456 0.02246444672346115 0.21807193756103516 0.03396126627922058 -0.0386912077665329 0.22448132932186127 0.02582278847694397 -0.0061361826956272125 0.22971118986606598
 0.047870710492134094 0.02725278027355671 0.17356117069721222 0.03239645063877106 0.0466730110347271 0.21308860182762146 0.03333966061472893 0.02062324248254299 0.21485616266727448 0.03399602323770523 -0.03875594958662987 0.2245797961950302 0.03370915725827217 -0.05423971638083458 0.20600928366184235
 0.047891102731227875 0.026462404057383537 0.17324332892894745 0.03072829358279705 0.047112733125686646 0.21368186175823212 0.029869915917515755 -0.019491011276841164 0.23694923520088196 0.03164882957935333 -0.03960317745804787 0.22592458128929138 0.030406808480620384 -0.04520290717482567 0.2233603298664093
 0.04863327741622925 0.027890237048268318 0.17377176880836487 0.032543573528528214 0.04630018770694733 0.21250507235527039 0.03247033432126045 0.022597981616854668 0.2182392030954361 0.032581228762865067 0.009794408455491066 0.2279510200023651 0.02663429267704487 -0.006703898310661316 0.22848382592201233
 0.04697192460298538 0.045761436223983765 0.18045708537101746 0.03278954699635506 0.042442742735147476 0.20704996585845947 0.03142736852169037 -0.015126531943678856 0.22962744534015656 0.032418861985206604 0.007536304648965597 0.22358419001102448 0.029996585100889206 -0.010384433902800083 0.22058120369911194
 0.047242067754268646 0.06022569537162781 0.18286475539207458 0.03223241865634918 0.005161578767001629 0.2301531434059143 0.030558962374925613 0.02474224753677845 0.22196225821971893 0.030268877744674683 0.003976456820964813 0.21644838154315948 0.021018842235207558 -0.003626606659963727 0.23498591780662537
 0.04708102345466614 0.06012566760182381 0.1829376220703125 0.03241462633013725 0.04355158284306526 0.2085183709859848 0.030146615579724312 -0.017890192568302155 0.23459209501743317 0.031122850254178047 0.008730248548090458 0.2257535755634308 0.019541719928383827 -0.003091465448960662 0.23625048995018005
 0.04707026854157448 0.033199671655893326 0.17596344649791718 0.033667657524347305 0.05365977808833122 0.22319889068603516 0.029719537124037743 0.03421198949217796 0.23842886090278625 0.03176121041178703 -0.030049121007323265 0.21128758788108826 0.0324363149702549 -0.05306604504585266 0.20427972078323364
 0.047326356172561646 0.031977660953998566 0.17546117305755615 0.03126261755824089 0.05368080362677574 0.22321560978889465 0.031206335872411728 -0.015359550714492798 0.2299267202615738 0.030535757541656494 -0.03196459636092186 0.21411718428134918 0.03100346215069294 -0.05483641475439072 0.20678959786891937
 0.047850918024778366 0.02755128964781761 0.17370155453681946 0.033134374767541885 0.051193565130233765 0.22338727116584778 0.03347522392868996 -0.014859541319310665 0.22900542616844177 0.031912948936223984 -0.029798494651913643 0.21084840595722198 0.03220246732234955 -0.052913598716259 0.20406220853328705
 0.04629286378622055 0.039912283420562744 0.17863018810749054 0.031142346560955048 0.023022595793008804 0.1916412115097046 0.024959154427051544 0.038238123059272766 0.24538621306419373 0.032129496335983276 -0.037821780890226364 0.2232409119606018 0.03323544189333916 -0.022193996235728264 0.19553802907466888
 0.045762669295072556 0.03828946873545647 0.17804566025733948 0.0314144566655159 0.021958453580737114 0.19391989707946777 0.026077499613165855 0.03755513206124306 0.244198739528656 0.027184097096323967 -0.011483433656394482 0.1862785667181015 0.03206072747707367 -0.039403367787599564 0.1847575157880783
 0.045596275478601456 0.040626220405101776 0.17896178364753723 0.03361158072948456 0.04810618236660957 0.2220515012741089 0.024820227175951004 0.038371067494153976 0.24554158747196198 0.03325952962040901 -0.03808204084634781 0.22346602380275726 0.03321396932005882 -0.02212110161781311 0.195626899600029
 0.04687311127781868 0.039953313767910004 0.17860503494739532 0.03270711749792099 0.04268170893192291 0.20741958916187286 0.025915013626217842 0.03764482960104942 0.24432408809661865 0.027178380638360977 -0.011484261602163315 0.18625256419181824 0.027651365846395493 -0.03380666300654411 0.17675362527370453
 0.047338590025901794 0.0404832549393177 0.17874187231063843 0.03203587234020233 0.04435572773218155 0.20979584753513336 0.025417208671569824 0.03795614093542099 0.24491259455680847 0.033361196517944336 -0.03855554014444351 0.2242414504289627 0.032239995896816254 -0.03933854401111603 0.18477129936218262
 0.04654984548687935 0.03523072600364685 0.17678062617778778 0.03169728070497513 0.021616632118821144 0.19467589259147644 0.027238722890615463 0.005775889847427607 0.19320696592330933 0.03183057904243469 -0.038185037672519684 0.2236844003200531 0.032998811453580856 -0.0419444814324379 0.18843042850494385
 0.04775724187493324 0.05614548176527023 0.18247315287590027 0.03427835926413536 0.01894921064376831 0.20039957761764526 0.032850831747055054 0.03172292187809944 0.23414428532123566 0.02728816121816635 -0.013931467197835445 0.18628233671188354 0.03254023566842079 -0.05911807715892792 0.21284548938274384
 0.04806887358427048 0.057097382843494415 0.18242254853248596 0.032144565135240555 0.03401247039437294 0.19498980045318604 0.032478008419275284 0.0323353111743927 0.2351115643978119 0.027199719101190567 -0.011483137495815754 0.18627507984638214 0.029637901112437248 -0.02924688346683979 0.18009936809539795
 0.04784281551837921 0.056308142840862274 0.1824340522289276 0.029958480969071388 0.0228870902210474 0.2386782467365265 0.027180073782801628 0.0057913800701498985 0.1932058334350586 0.02721441723406315 -0.013840800151228905 0.1861640214920044 0.027180271223187447 -0.031044935807585716 0.1762949377298355
 0.012445896863937378 0.10398183017969131 0.1754869520664215 0.0014311980921775103 0.0673607662320137 0.2554326355457306 0.0015950007364153862 0.04801446199417114 0.2623257637023926 0.0014117818791419268 0.024744903668761253 0.2573947608470917 0.0009224401437677443 -0.07006567716598511 0.24706721305847168
 0.047911688685417175 0.024889269843697548 0.17257849872112274 0.022496649995446205 -0.0013294836971908808 0.24384747445583344 0.026835815981030464 -0.023117445409297943 0.24329610168933868 0.028256738558411598 0.013404879719018936 0.23517316579818726 0.020464127883315086 -0.0034351146314293146 0.23549039661884308
 0.047919709235429764 0.025756143033504486 0.17293478548526764 0.031873058527708054 0.044730111956596375 0.2102886289358139 0.03309714421629906 0.025724977254867554 0.22362814843654633 0.027852291241288185 -0.01678551360964775 0.24146658182144165 0.020449932664632797 -0.003438385669142008 0.2355111837387085
 0.047920338809490204 0.026007218286395073 0.1730486899614334 0.022918302565813065 -0.0011437339708209038 0.24330610036849976 0.03208108991384506 0.024992186576128006 0.22247819602489471 0.028664985671639442 0.01360226422548294 0.23545022308826447 0.020405588671565056 -0.007215921301394701 0.23717282712459564
 0.04785056412220001 0.023489374667406082 0.17199553549289703 0.02224835194647312 -0.0014372931327670813 0.24392271041870117 0.027920648455619812 -0.023701030761003494 0.2442619949579239 0.030033672228455544 -0.04202727973461151 0.22970141470432281 0.020482566207647324 -0.0034508961252868176 0.23547327518463135
 0.047902703285217285 0.024517282843589783 0.17242281138896942 0.021608412265777588 -0.001931524951942265 0.2449299693107605 0.026815984398126602 -0.023421652615070343 0.24385491013526917 0.029489954933524132 -0.04226912185549736 0.23008613288402557 0.020476069301366806 -0.0034479456953704357 0.23547638952732086
 0.0449492484331131 0.047853510826826096 0.1814783662557602 0.03192372992634773 0.051311563700437546 0.2194131314754486 0.03368561714887619 -0.018220556899905205 0.23491577804088593 0.028945300728082657 0.012296500615775585 0.23310501873493195 0.027173234149813652 -0.03337126225233078 0.17609389126300812
 0.044557541608810425 0.04730876535177231 0.18135231733322144 0.032988935708999634 0.051905933767557144 0.2205120474100113 0.03212447464466095 -0.018590690568089485 0.2354336977005005 0.02891116589307785 0.01236917357891798 0.23310314118862152 0.02718464471399784 -0.007007881533354521 0.2278190702199936
 0.045389324426651 0.046369727700948715 0.1809518039226532 0.031261395663022995 0.051788780838251114 0.22035649418830872 0.03172549232840538 -0.01848740316927433 0.23530025780200958 0.0287092886865139 0.01257494930177927 0.2336060106754303 0.027149127796292305 -0.007040513213723898 0.22760921716690063
 0.04880193620920181 0.04961720481514931 0.18106110394001007 0.03181939199566841 0.05123687908053398 0.21960270404815674 0.030474111437797546 0.03186626359820366 0.23436462879180908 0.028978588059544563 0.012393360026180744 0.2330515831708908 0.027145814150571823 -0.007095830049365759 0.22757284343242645
 0.04713849723339081 0.049271393567323685 0.18139077723026276 0.02832120470702648 0.002884279703721404 0.23527637124061584 0.03035707026720047 0.031364794820547104 0.23354239761829376 0.02930578403174877 0.012067071162164211 0.23251476883888245 0.02716553956270218 -0.0070934779942035675 0.22760725021362305
 0.046846162527799606 0.04986178129911423 0.18158280849456787 0.03468403220176697 0.05228938162326813 0.22107714414596558 0.03098241612315178 0.002692763227969408 0.2389855980873108 0.02899322472512722 0.012499308213591576 0.23330090939998627 0.026096096262335777 -0.006354241166263819 0.22926339507102966
 0.043494679033756256 0.045948561280965805 0.18105435371398926 0.03401266038417816 0.05157061666250229 0.22011929750442505 0.03306683525443077 -0.018003983423113823 0.23451240360736847 0.0322207435965538 -0.033602505922317505 0.21670010685920715 0.027218101546168327 -0.007172319572418928 0.22762542963027954
 0.04348868876695633 0.0463799424469471 0.1811932921409607 0.03156366944313049 0.05146638676524162 0.2199447900056839 0.03215353935956955 -0.017920752987265587 0.23430272936820984 0.03190998733043671 -0.03367801010608673 0.2168227881193161 0.027971049770712852 -0.007859747856855392 0.22604896128177643
 0.04764769971370697 0.04923594370484352 0.18126097321510315 0.028098702430725098 0.002708462765440345 0.2355090081691742 0.03467877581715584 0.031548306345939636 0.23372727632522583 0.02918940782546997 0.012380904518067837 0.23303517699241638 0.027369927614927292 -0.007275318261235952 0.227255180478096
 0.04808470234274864 0.046515125781297684 0.18047672510147095 0.029464425519108772 0.003702032845467329 0.23322844505310059 0.029444459825754166 0.033545464277267456 0.23731428384780884 0.03152165189385414 -0.036710623651742935 0.2214382439851761 0.02560822293162346 -0.00628355098888278 0.2296755313873291
 0.04608834162354469 0.044028546661138535 0.18003317713737488 0.029517408460378647 0.003993357066065073 0.23235440254211426 0.030628740787506104 -0.01669902913272381 0.23210275173187256 0.031097475439310074 -0.03828763961791992 0.2238312065601349 0.03190424665808678 -0.05010215565562248 0.2000204622745514
 0.04707171767950058 0.0445529967546463 0.18009071052074432 0.028566999360919 0.002777211833745241 0.23491868376731873 0.03193463012576103 -0.01635732874274254 0.2315560132265091 0.03172839432954788 -0.0371394045650959 0.22207050025463104 0.0353715680539608 -0.05035256966948509 0.2003481686115265
 0.04676726460456848 0.03442380949854851 0.17644090950489044 0.02809203416109085 0.00267079658806324 0.23518356680870056 0.030656689777970314 -0.016693180426955223 0.23209457099437714 0.025309082120656967 0.015440791845321655 0.23935763537883759 0.030450640246272087 -0.04338729754090309 0.22188323736190796
 0.04433072730898857 0.010257115587592125 0.16668789088726044 0.023593250662088394 -0.001237455871887505 0.24338555335998535 0.030995788052678108 -0.019764993339776993 0.23749031126499176 0.025609156116843224 0.01539278868585825 0.2389383316040039 0.016010433435440063 -0.0019154057372361422 0.23869732022285461
 0.04754955321550369 0.030549366027116776 0.1748671978712082 0.021311355754733086 -0.0018193668220192194 0.24484333395957947 0.030236853286623955 -0.019616134464740753 0.23715125024318695 0.025120796635746956 0.01571156457066536 0.23973824083805084 0.032808009535074234 -0.04796165972948074 0.19687920808792114
 0.04679032787680626 0.03441591188311577 0.17645083367824554 0.022595468908548355 -0.0015716967172920704 0.2441944181919098 0.03282325714826584 -0.02093939483165741 0.23946261405944824 0.025183018296957016 0.0160259660333395 0.24014092981815338 0.015817930921912193 -0.00185646943282336 0.23881088197231293
 0.04681713134050369 0.03436178341507912 0.17644383013248444 0.03215441480278969 0.036962490528821945 0.22262009978294373 0.03070506639778614 -0.019797692075371742 0.23764871060848236 0.0259034913033247 0.015337088145315647 0.23895256221294403 0.015944477170705795 -0.001890642335638404 0.23875945806503296
 0.04664689674973488 0.03489544615149498 0.17665809392929077 0.021347692236304283 -0.0018362284172326326 0.2448250949382782 0.030844395980238914 -0.019874054938554764 0.2376965433359146 0.02617173083126545 0.015568656846880913 0.2392452210187912 0.016571933403611183 -0.0015422325814142823 0.2394794225692749
 0.04771311581134796 0.051453519612550735 0.1817154884338379 0.026500815525650978 0.0007941238582134247 0.23927822709083557 0.03360108286142349 0.01957535929977894 0.21297238767147064 0.031182346865534782 0.00753816869109869 0.2234634906053543 0.021929385140538216 -0.0040374319069087505 0.2342156618833542
 0.04839974641799927 0.051817357540130615 0.181582972407341 0.026115018874406815 0.0006542216870002449 0.2396264672279358 0.033631566911935806 0.01958407089114189 0.21296118199825287 0.032137300819158554 0.002900787629187107 0.21446830034255981 0.02280094288289547 -0.004422157071530819 0.2333660125732422
 0.04703501984477043 0.04864789545536041 0.18129244446754456 0.03137928247451782 0.032524481415748596 0.19289380311965942 0.03078005090355873 -0.01912091113626957 0.23642240464687347 0.03262104466557503 0.0043712821789085865 0.21750898659229279 0.03192974254488945 -0.037692297250032425 0.18237563967704773
 0.04685811698436737 0.048743609338998795 0.18133336305618286 0.026035673916339874 0.00023429945576936007 0.2405005395412445 0.03034771978855133 -0.019818289205431938 0.23757289350032806 0.032392725348472595 0.0035401596687734127 0.21581365168094635 0.022050751373171806 -0.004080763086676598 0.23410682380199432
 0.045587338507175446 0.038097407668828964 0.1779482215642929 0.03139422461390495 0.03253857046365738 0.19295164942741394 0.03275303542613983 -0.01747547648847103 0.23349685966968536 0.03372970595955849 -0.02184055931866169 0.2049655318260193 0.03322773426771164 -0.03800615668296814 0.18280284106731415
 0.04683849960565567 0.04964403435587883 0.18157249689102173 0.03344116359949112 0.03980427607893944 0.20328287780284882 0.032799623906612396 0.020938139408826828 0.21542657911777496 0.03421984985470772 -0.024463802576065063 0.20268608629703522 0.02213129587471485 -0.004117883741855621 0.234019473195076
 0.047696683555841446 0.04999946057796478 0.18144334852695465 0.03231680020689964 0.03425787761807442 0.19534549117088318 0.032459259033203125 -0.018646584823727608 0.23552744090557098 0.03433481976389885 -0.024623414501547813 0.20292499661445618 0.022111017256975174 -0.004120259080082178 0.23404064774513245
 0.046231478452682495 0.04889898747205734 0.1815129965543747 0.026192937046289444 0.0006833444931544363 0.23955176770687103 0.0335613414645195 0.01955956593155861 0.21303781867027283 0.034308820962905884 -0.024778714403510094 0.20313972234725952 0.03352348133921623 -0.03934699296951294 0.1847323328256607
 0.04829489439725876 0.05057148262858391 0.1814270317554474 0.031265828758478165 0.03238563612103462 0.1926850974559784 0.032871492207050323 -0.01975804753601551 0.2374829649925232 0.04273438826203346 0.006182474549859762 0.22103676199913025 0.03320249542593956 -0.039145343005657196 0.18432019650936127
 0.04721440374851227 0.04904923960566521 0.18134181201457977 0.03256060183048248 0.03494282439351082 0.1963338851928711 0.030622141435742378 -0.01959286630153656 0.23723573982715607 0.03263081610202789 0.004482012242078781 0.21773648262023926 0.03487587347626686 -0.0392412468791008 0.18445506691932678
 0.0478753037750721 0.026750260964035988 0.17335866391658783 0.02625371515750885 0.00080276740482077 0.23913359642028809 0.03236989676952362 -0.019671889021992683 0.23731322586536407 0.03450486809015274 -0.024468762800097466 0.20271076261997223 0.03555700182914734 -0.03959212452173233 0.18513858318328857
 0.04840072989463806 0.04996984452009201 0.18127967417240143 0.02599800005555153 0.0006099739694036543 0.239684596657753 0.03340837359428406 0.01962077058851719 0.21303454041481018 0.034104570746421814 -0.024654993787407875 0.20296554267406464 0.02175017260015011 -0.003939946182072163 0.23439788818359375
 0.04759787395596504 0.05004560202360153 0.18149682879447937 0.025779111310839653 0.00023353613505605608 0.24053961038589478 0.03227457031607628 -0.009952805936336517 0.24365535378456116 0.03424639627337456 -0.024675467982888222 0.2029968500137329 0.021776771172881126 -0.003970692865550518 0.2343645542860031
 0.04745166003704071 0.05064885690808296 0.1816660463809967 0.033674292266368866 0.03981315344572067 0.20328758656978607 0.032409027218818665 0.007193798199295998 0.22090648114681244 0.032127417623996735 0.0028725196607410908 0.214399516582489 0.032489113509655 -0.03765953704714775 0.18561549484729767
 0.046835243701934814 0.04794972017407417 0.1811550259590149 0.03126303106546402 0.032365310937166214 0.1926572322845459 0.030544858425855637 -0.019381944090127945 0.23687565326690674 0.03427305072546005 -0.02468225546181202 0.2030014544725418 0.033038925379514694 -0.03923353925347328 0.18449890613555908
 0.04711711406707764 0.05034549906849861 0.18169426918029785 0.03470601141452789 0.03983565792441368 0.20337960124015808 0.03355782851576805 0.019536681473255157 0.2130277305841446 0.03214116767048836 0.002316687721759081 0.21325938403606415 0.02952522411942482 -0.03566223010420799 0.17940375208854675
 0.047485534101724625 0.04983885586261749 0.18146759271621704 0.02593860775232315 0.0005917235976085067 0.23976926505565643 0.03353903815150261 0.019507315009832382 0.21299414336681366 0.034128472208976746 -0.024747533723711967 0.20310737192630768 0.03530549257993698 -0.039579976350069046 0.18510347604751587
 0.04823898896574974 0.0517442487180233 0.18163804709911346 0.034406859427690506 0.0360095389187336 0.20461654663085938 0.03229833021759987 -0.018671641126275063 0.23555982112884521 0.03239435702562332 0.004579178988933563 0.21769779920578003 0.021451029926538467 -0.0038005991373211145 0.23470619320869446
 0.04694972187280655 0.04945538565516472 0.18150344491004944 0.03139892965555191 0.03256320208311081 0.19291310012340546 0.03259561210870743 -0.019835026934742928 0.23767413198947906 0.03440640866756439 -0.024443913251161575 0.20262408256530762 0.021810252219438553 -0.0039794426411390305 0.2343432754278183
 0.04772084951400757 0.05029141530394554 0.18147419393062592 0.03111923858523369 0.032209351658821106 0.19241881370544434 0.032359540462493896 -0.019963854923844337 0.23771823942661285 0.034361910074949265 -0.02534620463848114 0.2039095014333725 0.02231353521347046 -0.004221986513584852 0.23384614288806915
 0.04737088084220886 0.049935583025217056 0.18150594830513 0.03271103650331497 0.03531448170542717 0.1968347281217575 0.03313474357128143 0.019634369760751724 0.21312570571899414 0.032494883984327316 0.004423863720148802 0.21740171313285828 0.022770894691348076 -0.004408511333167553 0.23339244723320007
 0.047160711139440536 0.04960203543305397 0.18148867785930634 0.026323385536670685 0.0006685653934255242 0.23958668112754822 0.03370843082666397 0.0194779634475708 0.21300438046455383 0.03449311479926109 -0.02494991384446621 0.20339417457580566 0.034853193908929825 -0.039362579584121704 0.1847192496061325
 0.046950697898864746 0.050704941153526306 0.18180254101753235 0.025692317634820938 0.0004962273524142802 0.24004313349723816 0.033299993723630905 0.01959741674363613 0.21308204531669617 0.0346720889210701 -0.024787116795778275 0.20319639146327972 0.021384183317422867 -0.0037888966035097837 0.23475655913352966
 0.047215044498443604 0.05518641695380211 0.18249596655368805 0.03359859064221382 0.044490110129117966 0.2098722755908966 0.03174639493227005 0.027788745239377022 0.22725436091423035 0.03133251145482063 0.008532536216080189 0.22550000250339508 0.03405998647212982 -0.05389916151762009 0.20545849204063416
 0.04557111859321594 0.0556013286113739 0.1830512136220932 0.03349556401371956 0.04442859813570976 0.20974232256412506 0.032174915075302124 0.02743706665933132 0.22661343216896057 0.03183017671108246 0.008564183488488197 0.22560551762580872 0.03184667229652405 -0.014331908896565437 0.21210776269435883
 0.046113740652799606 0.050841882824897766 0.18200403451919556 0.033090393990278244 0.010217474773526192 0.21917180716991425 0.0324132964015007 -0.00804116390645504 0.21717987954616547 0.03326946869492531 -0.025760196149349213 0.20453810691833496 0.03292582184076309 -0.055553317070007324 0.20777741074562073
 0.04640267416834831 0.05146264657378197 0.18208017945289612 0.034129466861486435 0.042931534349918365 0.20780901610851288 0.03277154266834259 -0.007223564200103283 0.2158069908618927 0.03185640648007393 0.00817053485661745 0.2248777598142624 0.03298848122358322 -0.054560206830501556 0.20634807646274567
 0.046958088874816895 0.055104393512010574 0.1825695037841797 0.033903878182172775 0.010345296934247017 0.2188231348991394 0.03088991902768612 0.028431303799152374 0.2283657342195511 0.031011957675218582 0.008776719681918621 0.22603581845760345 0.03098585084080696 -0.014406407251954079 0.211955264210701
 0.047939859330654144 0.04274068772792816 0.17938971519470215 0.02276061847805977 -0.0009246031404472888 0.2433454692363739 0.03201788291335106 0.02777046523988247 0.22734516859054565 0.0320192389190197 -0.04069945961236954 0.22761021554470062 0.016613120213150978 -0.002143298741430044 0.23832423985004425
 0.04616837203502655 0.040781207382678986 0.1789681613445282 0.03304651007056236 0.0341920368373394 0.22601312398910522 0.03299999237060547 0.023941820487380028 0.23151895403862 0.03162618726491928 -0.04061710834503174 0.22755564749240875 0.01758362539112568 -0.0024728074204176664 0.2376440465450287
 0.04602149501442909 0.037963416427373886 0.17784163355827332 0.022808527573943138 -0.0010943793458864093 0.24330437183380127 0.027723927050828934 -0.0218565184623003 0.24096080660820007 0.029575210064649582 -0.041517116129398346 0.22882504761219025 0.03174209967255592 -0.052482981234788895 0.20333483815193176
 0.047305524349212646 0.04420563951134682 0.17996364831924438 0.033003468066453934 0.04326736181974411 0.20818400382995605 0.031128207221627235 0.02828746661543846 0.2281208038330078 0.026857346296310425 0.014419249258935452 0.23707543313503265 0.01722150854766369 -0.002302303444594145 0.23781061172485352
 0.04831535369157791 0.04508025199174881 0.18002130091190338 0.03307083621621132 0.043139051645994186 0.20797528326511383 0.03136396408081055 0.02863197959959507 0.22872920334339142 0.02691095694899559 0.014416663907468319 0.23702546954154968 0.017047269269824028 -0.0021783316042274237 0.23806235194206238
 0.04686819389462471 0.04209204390645027 0.17934411764144897 0.03347493335604668 0.04326486587524414 0.2080603688955307 0.028465740382671356 -0.02116883546113968 0.23982474207878113 0.02682855911552906 0.014317582361400127 0.23702727258205414 0.01688178814947605 -0.0022582823876291513 0.23815080523490906
 0.0475832037627697 0.0429738312959671 0.17951886355876923 0.03326978161931038 0.04327702894806862 0.20810554921627045 0.029026350006461143 -0.02104412019252777 0.23969042301177979 0.026839911937713623 0.014311808161437511 0.23701368272304535 0.01707851141691208 -0.0023312256671488285 0.23797810077667236
