 0.04788297787308693 0.04026133194565773 0.17857597768306732 0.033871524035930634 0.03547060489654541 0.19707538187503815 0.033505454659461975 0.017369039356708527 0.20913365483283997 0.03255574777722359 0.0008020116365514696 0.21033892035484314 0.03174382448196411 -0.016997167840600014 0.20632344484329224
 0.047899726778268814 0.02546437829732895 0.17282763123512268 0.03327642008662224 0.03319648653268814 0.19383029639720917 0.03264858201146126 -0.0006550649413838983 0.20432442426681519 0.03327036648988724 -0.001732032047584653 0.20536713302135468 0.027174722403287888 -0.033370546996593475 0.17609703540802002
 0.047148555517196655 0.03954929858446121 0.17841264605522156 0.03266351670026779 0.03487730026245117 0.19629985094070435 0.03344865143299103 0.018186090514063835 0.21058613061904907 0.03313302621245384 -0.026416797190904617 0.2054806649684906 0.03286739066243172 -0.04014423117041588 0.18581540882587433
 0.047614846378564835 0.04011157527565956 0.1785527616739273 0.03326116502285004 0.015056583099067211 0.20862914621829987 0.033438317477703094 0.018399056047201157 0.2109944075345993 0.033306416124105453 -0.019786953926086426 0.20670033991336823 0.03184874728322029 -0.016078418120741844 0.20837746560573578
 0.047675080597400665 0.041567448526620865 0.17904715240001678 0.03355437517166138 0.014882160350680351 0.20899656414985657 0.033310648053884506 0.017483454197645187 0.20942427217960358 0.032100267708301544 0.0016124575631693006 0.21198511123657227 0.03057796321809292 -0.015829265117645264 0.20895972847938538
 0.048149872571229935 0.03994634002447128 0.1784188598394394 0.03338255733251572 0.014810102060437202 0.20916269719600677 0.0333787240087986 0.01776638999581337 0.20987416803836823 0.03318803384900093 -0.026219381019473076 0.20517373085021973 0.030568018555641174 -0.016096699982881546 0.20835267007350922
 0.04740641638636589 0.039841536432504654 0.1784820705652237 0.033367134630680084 0.03337102010846138 0.19414596259593964 0.03332614153623581 -0.0037287105806171894 0.20969438552856445 0.03318321704864502 -0.026411544531583786 0.20551571249961853 0.03145717829465866 -0.01621844805777073 0.20805682241916656
 0.04666978120803833 0.03896265849471092 0.17825686931610107 0.03252025693655014 0.03287223353981972 0.1934741735458374 0.03463384136557579 -0.002869983669370413 0.2082286775112152 0.032750312238931656 0.00023087605950422585 0.20937317609786987 0.033997245132923126 -0.04022173956036568 0.18598587810993195
 0.04696207866072655 0.040523629635572433 0.1787707656621933 0.032955102622509 0.014984234236180782 0.20874042809009552 0.033292077481746674 0.017868632450699806 0.2101142555475235 0.032470230013132095 0.0009835426462814212 0.21074256300926208 0.031367599964141846 -0.01584886573255062 0.20887403190135956
 0.047375764697790146 0.040300704538822174 0.17864954471588135 0.03269515931606293 0.03366202861070633 0.19453200697898865 0.03378663212060928 0.017246291041374207 0.20900212228298187 0.0339050218462944 -0.02545131929218769 0.2040252834558487 0.031395573168992996 -0.016214219853281975 0.20815816521644592
 0.04754413664340973 0.03673487901687622 0.17733289301395416 0.03388987481594086 0.03340055048465729 0.19412066042423248 0.03327685967087746 -0.003774679498746991 0.20977094769477844 0.033693332225084305 -0.025185713544487953 0.20372624695301056 0.03323902189731598 -0.042390529066324234 0.18901918828487396
 0.047701120376586914 0.03999778628349304 0.1784980148077011 0.03262251988053322 0.03305142745375633 0.19368259608745575 0.03335821256041527 -0.00442273635417223 0.21082450449466705 0.03315052390098572 -0.02665717899799347 0.20592689514160156 0.031286805868148804 -0.01621796190738678 0.2080637514591217
 0.047000329941511154 0.04018372669816017 0.17865508794784546 0.03294936567544937 0.032752230763435364 0.19326359033584595 0.03376300632953644 -0.004900050815194845 0.2116418331861496 0.03474267199635506 -0.022917257621884346 0.20029613375663757 0.03154062479734421 -0.01779034174978733 0.20466963946819305
 0.04463863745331764 0.040883615612983704 0.1790933609008789 0.03399921953678131 0.015448545105755329 0.207842156291008 0.033231221139431 0.016568506136536598 0.20785371959209442 0.035337503999471664 -0.022031700238585472 0.19884972274303436 0.03147183358669281 -0.01759476214647293 0.20520946383476257
 0.04713369533419609 0.04053862392902374 0.17877228558063507 0.0328155942261219 0.014035406522452831 0.2108057290315628 0.03363000229001045 0.016734447330236435 0.20808225870132446 0.03384140506386757 -0.020520366728305817 0.20460617542266846 0.03189632669091225 -0.03665287047624588 0.18086011707782745
 0.04643689841032028 0.04039999470114708 0.17873956263065338 0.033593062311410904 0.01513759233057499 0.20845051109790802 0.03529110178351402 0.015411843545734882 0.20652258396148682 0.03512126952409744 -0.02426498383283615 0.20220811665058136 0.03421158343553543 -0.040797796100378036 0.18668220937252045
 0.046327050775289536 0.03598802909255028 0.17711187899112701 0.033854346722364426 0.015463804826140404 0.20783495903015137 0.03351062163710594 -0.004897414240986109 0.21161891520023346 0.03357699513435364 -0.02405206300318241 0.20195604860782623 0.03289108723402023 -0.04036129638552666 0.18612946569919586
 0.04455401003360748 0.042273327708244324 0.1796097308397293 0.03492079675197601 0.009233270771801472 0.22115613520145416 0.031577158719301224 -0.009484945796430111 0.21976521611213684 0.030692623928189278 0.0070930831134319305 0.2228679358959198 0.03351907432079315 -0.039611902087926865 0.19739440083503723
 0.045464783906936646 0.040879763662815094 0.17905306816101074 0.03427790477871895 0.032768815755844116 0.2061849683523178 0.03239740803837776 -0.009065909311175346 0.21904468536376953 0.03284356743097305 -0.027799777686595917 0.20786644518375397 0.030584052205085754 -0.010293420404195786 0.2210463434457779
 0.04562947526574135 0.041862983256578445 0.17938531935214996 0.032805878669023514 0.008773610927164555 0.22230668365955353 0.033278826624155045 0.018163112923502922 0.2105792909860611 0.033060405403375626 -0.01374336238950491 0.20231421291828156 0.02970411255955696 -0.01006187405437231 0.2217075228691101
 0.046390336006879807 0.041644010692834854 0.17925406992435455 0.03487270325422287 0.037145715206861496 0.19958877563476562 0.033833447843790054 0.019760826602578163 0.21337947249412537 0.03582935407757759 -0.02785968780517578 0.20791848003864288 0.03477306663990021 -0.04219036176800728 0.18877483904361725
 0.04537275433540344 0.04103289172053337 0.17914211750030518 0.031050698831677437 0.008669190108776093 0.22229710221290588 0.0331178717315197 0.015942154452204704 0.21576139330863953 0.032628707587718964 -0.02836785465478897 0.20853666961193085 0.02976294420659542 -0.009954281151294708 0.22162435948848724
 0.04520687833428383 0.03904566541314125 0.17829342186450958 0.03278506174683571 0.031420204788446426 0.21198967099189758 0.03173273056745529 -0.009774220176041126 0.22008566558361053 0.032352399080991745 -0.02881411463022232 0.20929594337940216 0.03347453847527504 -0.04428356885910034 0.19175010919570923
 0.045482367277145386 0.039481066167354584 0.1785457730293274 0.033355727791786194 0.0390186607837677 0.20223714411258698 0.03378010913729668 0.019785957410931587 0.21336354315280914 0.03294345736503601 -0.027066988870501518 0.20661115646362305 0.034371666610240936 -0.04249866306781769 0.1890905648469925
 0.04547562450170517 0.03850941359996796 0.178125262260437 0.03108757734298706 0.008668363094329834 0.2223215252161026 0.03201166167855263 -0.00042044054134748876 0.22184018790721893 0.03241187334060669 -0.028774362057447433 0.20920777320861816 0.03332060948014259 -0.043444111943244934 0.19045178592205048
 0.04743456467986107 0.0463702417910099 0.1805802285671234 0.03481683135032654 0.03747980296611786 0.20002584159374237 0.03364535793662071 0.018677355721592903 0.2114102691411972 0.03134302422404289 0.006512416526675224 0.2215501070022583 0.028716184198856354 -0.008597022853791714 0.22454266250133514
 0.0474129393696785 0.044795308262109756 0.18014118075370789 0.03320017457008362 0.037375714629888535 0.1998358964920044 0.03213606774806976 -0.010478158481419086 0.22143645584583282 0.0310116708278656 0.006133647169917822 0.22085340321063995 0.031208310276269913 -0.008862637914717197 0.2239537239074707
 0.04694632813334465 0.04397178441286087 0.17995142936706543 0.033046044409275055 0.009535731747746468 0.22079719603061676 0.033776480704545975 0.01893126405775547 0.2119317501783371 0.03171273693442345 -0.03017878346145153 0.21136970818042755 0.03399690240621567 -0.043833617120981216 0.1911012977361679
 0.046631257981061935 0.04328874498605728 0.179779052734375 0.03236605226993561 0.008934072218835354 0.221932515501976 0.03214091807603836 -1.3972173292131629e-05 0.22150106728076935 0.03218448534607887 -0.023166900500655174 0.21807388961315155 0.03327539935708046 -0.04369419068098068 0.1908259093761444
 0.04680560529232025 0.04150636866688728 0.17911487817764282 0.03303580731153488 0.03271213918924332 0.1932094246149063 0.031732238829135895 -0.00975514855235815 0.22020170092582703 0.03261818364262581 0.0062276446260511875 0.221156045794487 0.032163407653570175 -0.03939395025372505 0.18476995825767517
 0.04678941145539284 0.039317067712545395 0.17837011814117432 0.0339600145816803 0.008302642963826656 0.2230948656797409 0.03374696522951126 -0.008495368994772434 0.21794486045837402 0.03362109139561653 -0.02656916156411171 0.20590032637119293 0.03224271908402443 -0.03953738510608673 0.18495111167430878
 0.04662833362817764 0.04151523485779762 0.1791526824235916 0.040223367512226105 0.008450587280094624 0.22297760844230652 0.0346679650247097 0.01580106094479561 0.20647911727428436 0.033396314829587936 -0.026455193758010864 0.20559996366500854 0.03142562508583069 -0.03816523030400276 0.18299026787281036
 0.04735491797327995 0.0421285443007946 0.17925448715686798 0.034034114331007004 0.008348735980689526 0.22329901158809662 0.03168028965592384 -0.01004080567508936 0.2207527458667755 0.030864832922816277 0.00665394077077508 0.22217929363250732 0.035017091780900955 -0.040023323148489 0.18561021983623505
 0.04594779014587402 0.041983336210250854 0.17939485609531403 0.0332983136177063 0.03435105085372925 0.1955297291278839 0.03161347284913063 0.012545491568744183 0.20089852809906006 0.03372510150074959 -0.026168230921030045 0.20530596375465393 0.03135273605585098 -0.03802686557173729 0.18281488120555878
 0.04789786413311958 0.02615329809486866 0.1730950027704239 0.033197663724422455 0.04049981012940407 0.20433680713176727 0.030477186664938927 -0.016438737511634827 0.23179684579372406 0.031918156892061234 -0.029471926391124725 0.2102629542350769 0.020734742283821106 -0.0035906489938497543 0.23526304960250854
 0.04682343825697899 0.034160785377025604 0.17634157836437225 0.03387008607387543 0.04079613834619522 0.20461438596248627 0.03093842975795269 0.024616414681077003 0.2217823714017868 0.029850425198674202 0.010676405392587185 0.2299361377954483 0.020751770585775375 -0.00349421426653862 0.23531007766723633
 0.04787229746580124 0.025594670325517654 0.17287231981754303 0.028792263939976692 0.003212336450815201 0.23429040610790253 0.0327109731733799 0.023752516135573387 0.22046034038066864 0.03252130001783371 -0.028570760041475296 0.2089751809835434 0.020772278308868408 -0.0035518675576895475 0.23521871864795685
 0.04754462465643883 0.030403686687350273 0.17482072114944458 0.028325090184807777 0.0027249353006482124 0.2354070097208023 0.03189540654420853 0.02366110309958458 0.22029542922973633 0.03048655390739441 0.010420317761600018 0.22938749194145203 0.03398806229233742 -0.04305696859955788 0.19001248478889465
 0.047216787934303284 0.03254038468003273 0.17568443715572357 0.03438739851117134 0.04005773365497589 0.2036946713924408 0.030639803037047386 -0.016018008813261986 0.2311728149652481 0.030288081616163254 0.010303152725100517 0.22912432253360748 0.034094471484422684 -0.04305759072303772 0.18999560177326202
 0.04776265099644661 0.028324713930487633 0.17398083209991455 0.03320937231183052 0.04051772505044937 0.20433464646339417 0.03043578937649727 -0.016053123399615288 0.2311684936285019 0.03194371983408928 -0.029426738619804382 0.21017779409885406 0.020901627838611603 -0.0036679869517683983 0.23515526950359344
 0.04755139350891113 0.03062640316784382 0.1749095767736435 0.03465646505355835 0.04005321115255356 0.20365294814109802 0.03329891338944435 0.023208843544125557 0.21945056319236755 0.03245395049452782 -0.028722381219267845 0.20917780697345734 0.03325787931680679 -0.04239001125097275 0.18897518515586853
 0.04742678999900818 0.03087848611176014 0.17501990497112274 0.028667543083429337 0.003146246075630188 0.23429536819458008 0.030489278957247734 -0.015893157571554184 0.2307492047548294 0.032214730978012085 -0.029060669243335724 0.2096315175294876 0.02079392597079277 -0.0035859241615980864 0.23525847494602203
 0.047691382467746735 0.029325053095817566 0.1743837594985962 0.02846728079020977 0.0027972522657364607 0.23513980209827423 0.030627036467194557 -0.016195233911275864 0.2313024252653122 0.03213490918278694 -0.0292446780949831 0.2099149376153946 0.033327069133520126 -0.038800738751888275 0.19796022772789001
 0.047956086695194244 0.042038340121507645 0.1791767179965973 0.03042234480381012 0.004625053144991398 0.2312764674425125 0.03443014621734619 0.02489789016544819 0.22241026163101196 0.02890385501086712 0.012376285158097744 0.23309046030044556 0.03433803841471672 -0.04344001039862633 0.19054974615573883
 0.04661528393626213 0.04078823700547218 0.17894026637077332 0.03398757055401802 0.039338618516922 0.20269043743610382 0.031369298696517944 -0.010148239322006702 0.22091001272201538 0.03274918720126152 -0.034259404987096786 0.2176855504512787 0.03413280099630356 -0.04369104281067848 0.19086600840091705
 0.04609929025173187 0.04020681977272034 0.17874906957149506 0.03372471407055855 0.03889711573719978 0.20214638113975525 0.031438589096069336 -0.00961276050657034 0.219987690448761 0.031360939145088196 -0.034090306609869 0.21745462715625763 0.03434588760137558 -0.04373107850551605 0.19096890091896057
 0.04783349484205246 0.04263480007648468 0.17937210202217102 0.030453402549028397 0.0053037251345813274 0.22995556890964508 0.03157365322113037 0.025097180157899857 0.22270077466964722 0.028969470411539078 0.012146436609327793 0.2327623814344406 0.026039568707346916 -0.00632435129955411 0.22942951321601868
 0.04722458869218826 0.04209812730550766 0.17929807305335999 0.030672090128064156 0.005392423830926418 0.22951416671276093 0.03158636763691902 0.025143368169665337 0.2228155881166458 0.03406171128153801 -0.03384445980191231 0.21709349751472473 0.03413905203342438 -0.0434720441699028 0.19066332280635834
 0.047261644154787064 0.04189739748835564 0.17921361327171326 0.033852946013212204 0.039794646203517914 0.20329685509204865 0.032533008605241776 0.025457730516791344 0.22340917587280273 0.03312068060040474 -0.03389593958854675 0.21719612181186676 0.03413673862814903 -0.04321013763546944 0.19030416011810303
 0.048126693814992905 0.04167715832591057 0.1790168732404709 0.03396141156554222 0.03961744159460068 0.2030826210975647 0.031417183578014374 0.025509150698781013 0.2234877198934555 0.03203558176755905 -0.0340716689825058 0.2174491584300995 0.0343443937599659 -0.04321892186999321 0.19030293822288513
 0.04685382544994354 0.04100392386317253 0.1789751797914505 0.03459348529577255 0.03940163552761078 0.2027461677789688 0.031708844006061554 -0.009546668268740177 0.22951070964336395 0.03202924504876137 -0.034377917647361755 0.21791209280490875 0.026404451578855515 -0.006663606036454439 0.22886253893375397
 0.04595372825860977 0.039304956793785095 0.1784074753522873 0.02874213643372059 0.0030125794000923634 0.23448051512241364 0.030690377578139305 -0.007050848565995693 0.23167560994625092 0.029520127922296524 0.011585986241698265 0.2315124273300171 0.03356600180268288 -0.045359499752521515 0.1932692676782608
 0.04674016311764717 0.0344933345913887 0.1764870285987854 0.028026724234223366 0.0018715704791247845 0.237395241856575 0.029916416853666306 0.025470316410064697 0.22340837121009827 0.02868819609284401 0.012921115383505821 0.23399955034255981 0.0342521034181118 -0.044805996119976044 0.1925271451473236
 0.04704555869102478 0.018147725611925125 0.16987478733062744 0.027458572760224342 0.0014008237048983574 0.23820091784000397 0.030858248472213745 -0.015493007376790047 0.23021796345710754 0.02856692299246788 0.012791207060217857 0.23407167196273804 0.027137402445077896 -0.021364303305745125 0.23332057893276215
 0.04696265235543251 0.017710860818624496 0.16971136629581451 0.02857886627316475 0.0023964333813637495 0.2367783933877945 0.030792050063610077 0.02490261197090149 0.2221209555864334 0.030361585319042206 -0.033563241362571716 0.21643833816051483 0.03426792100071907 -0.04522596672177315 0.19329825043678284
 0.047906968742609024 0.02573285810649395 0.1729307770729065 0.026901360601186752 0.0013128446880728006 0.23837538063526154 0.030928853899240494 -0.0143421720713377 0.2282574623823166 0.028448181226849556 0.01283316407352686 0.23393522202968597 0.03057800605893135 -0.03192012384533882 0.22218629717826843
 0.0443270243704319 0.010250749066472054 0.16669145226478577 0.027571314945816994 0.0021196401212364435 0.23668691515922546 0.03076246753334999 0.024533284828066826 0.2217075228691101 0.030483348295092583 -0.03250543773174286 0.2150883972644806 0.03429584577679634 -0.043774448335170746 0.19096936285495758
 0.04786612465977669 0.02398832142353058 0.17221269011497498 0.026665903627872467 0.0011935086222365499 0.2384292483329773 0.030749140307307243 -0.01616504043340683 0.23125068843364716 0.03036946803331375 -0.0342821329832077 0.21760374307632446 0.013532768003642559 -0.001423010602593422 0.2402208000421524
 0.04793701693415642 0.025534609332680702 0.1728609949350357 0.027437157928943634 0.001911109546199441 0.23697559535503387 0.031222498044371605 0.023862026631832123 0.22059595584869385 0.03018735721707344 -0.03298479691147804 0.2157757580280304 0.033442895859479904 -0.04414307326078415 0.19150681793689728
 0.0483967661857605 0.030819633975625038 0.17493577301502228 0.03333573043346405 0.039978429675102234 0.20355314016342163 0.03163878992199898 -0.014498011209070683 0.22854925692081451 0.028672432526946068 0.01291192788630724 0.23437024652957916 0.0340452715754509 -0.04401867836713791 0.19135205447673798
 0.04998183995485306 0.020563608035445213 0.17063204944133759 0.02594359777867794 0.0006973199779167771 0.23950304090976715 0.030705533921718597 -0.016585107892751694 0.23200039565563202 0.030667675659060478 -0.03480226546525955 0.21849119663238525 0.013478651642799377 -0.0014218877768144011 0.24019671976566315
 0.04763060063123703 0.029992345720529556 0.17465926706790924 0.025170823559165 1.2421534847817384e-05 0.2407822161912918 0.030783960595726967 -0.0182440597563982 0.23492084443569183 0.03324849531054497 -0.03601297363638878 0.2203925997018814 0.03317316621541977 -0.046331971883773804 0.19471794366836548
 0.047543011605739594 0.030555760487914085 0.17487771809101105 0.0332641527056694 0.04137566685676575 0.20535455644130707 0.03094511479139328 0.024342555552721024 0.2213016152381897 0.03085450269281864 -0.03564882650971413 0.220016211271286 0.013515162281692028 -0.0014180546859279275 0.23991993069648743
 0.047301363199949265 0.031994033604860306 0.17546717822551727 0.033660054206848145 0.040288425981998444 0.20392079651355743 0.030965706333518028 0.02432948164641857 0.22127962112426758 0.0276446845382452 0.013875423930585384 0.236110657453537 0.0331525020301342 -0.046407654881477356 0.194788858294487
 0.047682709991931915 0.029490694403648376 0.17445074021816254 0.03356117382645607 0.03970017656683922 0.2030436098575592 0.03045768290758133 -0.0174393430352211 0.23349124193191528 0.025705691426992416 0.015281527303159237 0.23883213102817535 0.01385323703289032 -0.001510470057837665 0.23964698612689972
 0.049038272351026535 0.02824879251420498 0.17394106090068817 0.027471091598272324 0.0016837287694215775 0.2377198040485382 0.03189737722277641 0.023025400936603546 0.21921952068805695 0.030555162578821182 -0.03473047912120819 0.2183322012424469 0.03409125283360481 -0.0453820563852787 0.19328270852565765
 0.0505107082426548 0.030340678989887238 0.17456893622875214 0.03355589136481285 0.03997676074504852 0.20346856117248535 0.033981435000896454 -0.01495476346462965 0.22950471937656403 0.029149644076824188 0.012700533494353294 0.23373451828956604 0.03335648775100708 -0.04423929750919342 0.19166836142539978
 0.04432900249958038 0.010263592936098576 0.16668029129505157 0.0328482910990715 0.04228438064455986 0.2067534625530243 0.026826638728380203 -0.02277567982673645 0.24287496507167816 0.030619727447628975 -0.04030870273709297 0.22687774896621704 0.027177954092621803 -0.033374443650245667 0.17609265446662903
 0.04431447014212608 0.0102810338139534 0.16667816042900085 0.029379917308688164 0.03140193223953247 0.2375016063451767 0.030966341495513916 0.0322270430624485 0.23521727323532104 0.01775495894253254 0.019154822453856468 0.24627825617790222 0.02717183716595173 -0.0333622470498085 0.17608904838562012
 0.05164199322462082 0.02051657997071743 0.1703551560640335 0.033187247812747955 0.04074957221746445 0.2047920674085617 0.030163487419486046 -0.0191509872674942 0.236784428358078 0.0258103646337986 0.015545227564871311 0.2393101304769516 0.013373463414609432 0.00024660018971189857 0.24324475228786469
 0.0445692203938961 0.010236081667244434 0.1666998416185379 0.03326762840151787 0.03934750705957413 0.202671080827713 0.029928261414170265 -0.019429270178079605 0.23713816702365875 0.030791988596320152 -0.038289330899715424 0.22369542717933655 0.03322829678654671 -0.042925722897052765 0.1899285465478897
 0.0515509769320488 0.015055428259074688 0.1679287552833557 0.033112533390522 0.040980372577905655 0.2049945890903473 0.033041954040527344 0.02380506880581379 0.2205418348312378 0.03149111196398735 -0.037531059235334396 0.22282527387142181 0.03401156887412071 -0.04324064403772354 0.19015632569789886
 0.04637056216597557 0.012129327282309532 0.1674012392759323 0.03329397737979889 0.039695534855127335 0.20314665138721466 0.02959653176367283 -0.020444441586732864 0.23875321447849274 0.030652247369289398 -0.037927743047475815 0.2232416719198227 0.032931044697761536 -0.04382586106657982 0.1986280083656311
 0.05037780478596687 0.021432476118206978 0.1709650754928589 0.02169697917997837 -0.0017513394122943282 0.24447393417358398 0.03008049912750721 -0.019600072875618935 0.23754729330539703 0.031025782227516174 -0.037703078240156174 0.22307616472244263 0.012514099478721619 0.0004965411499142647 0.24383340775966644
 0.05027324706315994 0.017745517194271088 0.16938982903957367 0.03312686085700989 0.04087672010064125 0.2049514651298523 0.03376094251871109 0.024618830531835556 0.22206968069076538 0.030628954991698265 -0.03784867748618126 0.2231452912092209 0.011156922206282616 0.0010109550785273314 0.2452484667301178
 0.048309117555618286 0.014317335560917854 0.1682005077600479 0.03324298560619354 0.0401337631046772 0.20376302301883698 0.03390205651521683 0.02424328587949276 0.22130317986011505 0.03116668201982975 -0.03780350834131241 0.22323957085609436 0.03420267626643181 -0.042838916182518005 0.18966741859912872
 0.05128278583288193 0.015371269546449184 0.1680900603532791 0.02230078913271427 -0.0013856450095772743 0.2441357672214508 0.03246226906776428 0.02433163858950138 0.2215486764907837 0.025842510163784027 0.015412363223731518 0.23894242942333221 0.011850480921566486 0.000612189993262291 0.24436388909816742
 0.04564067721366882 0.011517281644046307 0.16716958582401276 0.03314325585961342 0.040753062814474106 0.2047949880361557 0.02943781204521656 -0.019382815808057785 0.237236887216568 0.030966371297836304 -0.037407539784908295 0.22251851856708527 0.03362833335995674 -0.04252427816390991 0.18930642306804657
 0.047765716910362244 0.022517716512084007 0.17164382338523865 0.017599385231733322 -0.0030772723257541656 0.24775484204292297 0.030716313049197197 0.030176036059856415 0.2314148247241974 0.03060493990778923 -0.038434818387031555 0.22417034208774567 0.032850876450538635 -0.04160837084054947 0.18789474666118622
 0.050081148743629456 0.030245818197727203 0.17455749213695526 0.01656336337327957 -0.003307524137198925 0.24819570779800415 0.03130089491605759 0.0303645059466362 0.23182454705238342 0.02215845324099064 0.017708247527480125 0.24351751804351807 0.010437133722007275 0.0006982919294387102 0.2443663328886032
 0.04747891053557396 0.02023964375257492 0.17071066796779633 0.016474341973662376 -0.0033192243427038193 0.24828459322452545 0.030364759266376495 0.030650179833173752 0.23222322762012482 0.022382749244570732 0.01759772188961506 0.24329373240470886 0.03372406214475632 -0.04174094647169113 0.18813283741474152
 0.04782292991876602 0.02767072804272175 0.1737336665391922 0.01673167757689953 -0.0033163775224238634 0.2481256127357483 0.026475897058844566 -0.023132499307394028 0.2432779222726822 0.02032911591231823 0.01856238953769207 0.24518899619579315 0.009405029937624931 0.0009895018301904202 0.2452106773853302
 0.04763799160718918 0.021239222958683968 0.1711181253194809 0.03265155479311943 0.04297885671257973 0.20781251788139343 0.030676500871777534 0.03014351613819599 0.231502965092659 0.02096661366522312 0.018068240955471992 0.24434998631477356 0.03382167965173721 -0.041992995887994766 0.18852166831493378
 0.04703759029507637 0.018026107922196388 0.1698245257139206 0.01652766950428486 -0.0034229939337819815 0.24823375046253204 0.027359509840607643 -0.022893786430358887 0.24278020858764648 0.02227926068007946 0.01750691421329975 0.24310262501239777 0.010369372554123402 0.0007555073243565857 0.24442532658576965
 0.04786417633295059 0.02695218101143837 0.17345507442951202 0.032659824937582016 0.04285785183310509 0.20771902799606323 0.030637478455901146 0.03047231398522854 0.23202309012413025 0.030547762289643288 -0.03867079317569733 0.22458355128765106 0.032930489629507065 -0.041812822222709656 0.1882852166891098
 0.04841909930109978 0.01284527126699686 0.16749030351638794 0.03350163623690605 0.035773880779743195 0.19751028716564178 0.030591413378715515 0.026121724396944046 0.22445547580718994 0.02640846185386181 0.015211409889161587 0.2386469841003418 0.03251655772328377 -0.054106444120407104 0.20589883625507355
 0.044446468353271484 0.010237469337880611 0.16674214601516724 0.01714153215289116 -0.003244571853429079 0.24798201024532318 0.024812720715999603 -0.02478186786174774 0.24607785046100616 0.02767971158027649 -0.044624000787734985 0.23355723917484283 0.013561474159359932 -0.0012086564674973488 0.24042290449142456
 0.044333696365356445 0.010258441790938377 0.1666780561208725 0.034581296145915985 0.036076515913009644 0.19793419539928436 0.025452492758631706 -0.024970686063170433 0.2465563416481018 0.028032464906573296 -0.044759903103113174 0.23384347558021545 0.016182389110326767 -0.031040767207741737 0.24532124400138855
 0.044332683086395264 0.010275485925376415 0.1666806936264038 0.016438860446214676 -0.0036595086567103863 0.24841411411762238 0.02242130972445011 -0.025803064927458763 0.2479301542043686 0.026529189199209213 0.01563669741153717 0.2393822818994522 0.03106040693819523 -0.055793583393096924 0.20782457292079926
 0.04787786304950714 0.027725737541913986 0.17380134761333466 0.022126104682683945 -0.0014167145127430558 0.24402832984924316 0.02963162027299404 -0.018860934302210808 0.23603777587413788 0.024318184703588486 0.016195764765143394 0.24064227938652039 0.014683963730931282 -0.0017512389458715916 0.239596888422966
 0.04776618257164955 0.028173096477985382 0.17388831079006195 0.022102506831288338 -0.0013858655001968145 0.24402107298374176 0.030452171340584755 0.030252302065491676 0.23159320652484894 0.024465451017022133 0.016211995854973793 0.24064156413078308 0.014485595747828484 -0.001691478188149631 0.23960769176483154
 0.0474235899746418 0.03129284828901291 0.1751796156167984 0.03147285804152489 0.04544714465737343 0.21128302812576294 0.030441954731941223 0.030269810929894447 0.23166397213935852 0.024252789095044136 0.016187051311135292 0.2406103014945984 0.014468631707131863 -0.0015902840532362461 0.23955146968364716
 0.05080873519182205 0.029740698635578156 0.17430680990219116 0.02293120138347149 -0.0009983247146010399 0.24329160153865814 0.031202517449855804 0.030134955421090126 0.2314450740814209 0.031723521649837494 -0.03572438284754753 0.2199346423149109 0.015226654708385468 -0.0017633073730394244 0.23921675980091095
 0.047794975340366364 0.028269678354263306 0.17386707663536072 0.022061431780457497 -0.0014046416617929935 0.24400857090950012 0.03027036413550377 0.03060200810432434 0.23220472037792206 0.02443012408912182 0.01615714095532894 0.24068254232406616 0.032769739627838135 -0.048808880150318146 0.19820474088191986
 0.04783858358860016 0.02772517316043377 0.17372068762779236 0.022406315430998802 -0.0013385677011683583 0.2437061220407486 0.030253740027546883 -0.01800735667347908 0.2344207912683487 0.03120293840765953 -0.03614143282175064 0.22056253254413605 0.03291892260313034 -0.04799322038888931 0.19694438576698303
 0.047897595912218094 0.025348179042339325 0.17272785305976868 0.021922066807746887 -0.0015844288282096386 0.24404534697532654 0.030642108991742134 0.030085774138569832 0.2315550297498703 0.024351708590984344 0.016306299716234207 0.24065911769866943 0.03250425308942795 -0.049658820033073425 0.1991872638463974
 0.04775913059711456 0.028512801975011826 0.17399755120277405 0.03142709657549858 0.04552915319800377 0.21142776310443878 0.030327308923006058 0.030688920989632607 0.23232199251651764 0.02433508262038231 0.01623159646987915 0.24074774980545044 0.03296813741326332 -0.04791770130395889 0.19703426957130432
 0.04685390740633011 0.03406986594200134 0.1763315498828888 0.03340248391032219 0.041854050010442734 0.206364244222641 0.02983817830681801 -0.020238829776644707 0.23853208124637604 0.0314083956182003 -0.039234962314367294 0.22541053593158722 0.016027627512812614 -0.0020486610010266304 0.2385936975479126
 0.04702027514576912 0.03332230821251869 0.17593497037887573 0.023698870092630386 -0.0006983617786318064 0.24242287874221802 0.02751520834863186 -0.021994998678565025 0.24132798612117767 0.030864452943205833 -0.04047391936182976 0.22713777422904968 0.015296833589673042 -0.0019085470121353865 0.2390729933977127
 0.04698958247900009 0.03348908573389053 0.17603543400764465 0.03298721835017204 0.041751086711883545 0.2061203420162201 0.02947114035487175 -0.02030027285218239 0.2386326640844345 0.03082588128745556 -0.03994077444076538 0.22646784782409668 0.01634189300239086 -0.0021173502318561077 0.23840516805648804
