 0.024230360984802246 0.05974839627742767 0.18698543310165405 0.021612249314785004 0.00011383200762793422 0.24231773614883423 0.025577161461114883 0.03880862146615982 0.24584493041038513 0.011152302846312523 0.021584663540124893 0.25234875082969666 0.0328889824450016 -0.043572358787059784 0.19173702597618103
 0.024195805191993713 0.059472136199474335 0.1867588460445404 0.02987314760684967 0.04796270653605461 0.21430879831314087 0.023475151509046555 0.03916187956929207 0.2468794286251068 0.021469274535775185 -0.049571312963962555 0.24112708866596222 -0.0009333289344795048 0.0029706640634685755 0.248234361410141
 0.024164963513612747 0.05947214737534523 0.18693266808986664 0.008257027715444565 -0.006194176618009806 0.2550126314163208 0.017527589574456215 -0.027428187429904938 0.25120145082473755 0.011689895763993263 0.021759917959570885 0.25102007389068604 0.0004910606076009572 0.0029414654709398746 0.24799616634845734
 0.024188106879591942 0.05942314863204956 0.18697930872440338 0.030293958261609077 0.04722193256020546 0.21344411373138428 0.018041392788290977 -0.027050184085965157 0.2507590055465698 0.012095575220882893 0.02256488986313343 0.2536165714263916 0.0009731358150020242 0.0028844585176557302 0.24815180897712708
 0.04569123685359955 0.05231654644012451 0.18225917220115662 0.03324161097407341 0.04029133915901184 0.20392374694347382 0.029705848544836044 -0.019129041582345963 0.2362930327653885 0.01922968588769436 0.018703296780586243 0.24548974633216858 0.013685137964785099 -0.0014483266277238727 0.23983857035636902
 0.045587021857500076 0.051608964800834656 0.18230608105659485 0.03249406814575195 0.03479566052556038 0.19606268405914307 0.028920112177729607 0.03489479422569275 0.23960387706756592 0.020100412890315056 0.018299853429198265 0.2447502166032791 0.03270024433732033 -0.049206167459487915 0.1987401694059372
 0.04609532281756401 0.05215784162282944 0.18227367103099823 0.03328978270292282 0.039607830345630646 0.20289985835552216 0.02926189824938774 0.034884631633758545 0.23956575989723206 0.027318613603711128 -0.045471180230379105 0.234903022646904 0.014492474496364594 -0.0015708701685070992 0.2394070327281952
 0.04542260989546776 0.051870912313461304 0.18235352635383606 0.016512729227542877 -0.003424988826736808 0.2483569085597992 0.02919190563261509 0.03507792949676514 0.2398696094751358 0.02679038792848587 -0.04576515033841133 0.235423743724823 0.01339850015938282 -0.001184154418297112 0.24042865633964539
 0.045802149921655655 0.05523306131362915 0.182864710688591 0.011192945763468742 -0.005967726465314627 0.2535811960697174 0.025249963626265526 0.0379764698445797 0.2449808120727539 0.027300428599119186 -0.045050766319036484 0.23422648012638092 0.03351703658699989 -0.04824028164148331 0.19743730127811432
 0.04565335810184479 0.056133806705474854 0.18306180834770203 0.009900577366352081 -0.006527218036353588 0.2547071874141693 0.014201432466506958 -0.02913048304617405 0.25359228253364563 0.013389919884502888 0.02069775201380253 0.24930036067962646 0.00941881537437439 0.001150619937106967 0.24516208469867706
 0.044982075691223145 0.056766681373119354 0.18336299061775208 0.03221653401851654 0.04935535043478012 0.21675370633602142 0.024704638868570328 0.03834158182144165 0.24551454186439514 0.013026808388531208 0.02104439027607441 0.2500210106372833 0.03353973478078842 -0.0474817231297493 0.19630515575408936
 0.04811425507068634 0.052805107086896896 0.18184693157672882 0.020825430750846863 -0.002027003327384591 0.24516534805297852 0.030672818422317505 0.03334735706448555 0.23692788183689117 0.031231192871928215 -0.04040248319506645 0.2270660400390625 0.03327423706650734 -0.04357023537158966 0.19062486290931702
 0.04825073108077049 0.052506934851408005 0.18177148699760437 0.02060074172914028 -0.002131280256435275 0.2453777939081192 0.024630378931760788 -0.02457341179251671 0.2457481175661087 0.0311836376786232 -0.04146872088313103 0.22870300710201263 0.019171925261616707 -0.0029693327378481627 0.2364926040172577
 0.04859732836484909 0.05321609228849411 0.1817590892314911 0.020791051909327507 -0.0020518205128610134 0.2452087104320526 0.023859204724431038 -0.025086035951972008 0.24662356078624725 0.02283964678645134 0.017098817974328995 0.24229371547698975 0.03496069461107254 -0.04477559030056 0.19230489432811737
 0.04837295413017273 0.05483932048082352 0.1820516288280487 0.02023249864578247 -0.0022725239396095276 0.24570047855377197 0.0235983245074749 -0.025234786793589592 0.24692119657993317 0.021938256919384003 0.017534447833895683 0.24317744374275208 0.018480565398931503 -0.0027403223793953657 0.23699365556240082
 0.04543572664260864 0.05657490715384483 0.18317224085330963 0.01098101120442152 -0.006044785957783461 0.2537926137447357 0.0245671384036541 0.038513194769620895 0.2457382082939148 0.01367755513638258 0.020415423437952995 0.24879059195518494 0.032669179141521454 -0.04798853024840355 0.20441724359989166
 0.04561682790517807 0.0560498908162117 0.18308821320533752 0.009461948648095131 -0.006691600661724806 0.2551901936531067 0.0248136967420578 0.03847021982073784 0.24554724991321564 0.012910245917737484 0.02114580012857914 0.25011953711509705 0.033335331827402115 -0.047748129814863205 0.19668075442314148
 0.04542769119143486 0.05680779367685318 0.18321408331394196 0.009581681340932846 -0.00662204110994935 0.25498029589653015 0.016595175489783287 0.027037953957915306 0.25880545377731323 0.026788953691720963 -0.0452229380607605 0.234490305185318 0.008913187310099602 0.0013179269153624773 0.24555997550487518
 0.04737688973546028 0.04578044265508652 0.18048062920570374 0.032006099820137024 0.005561131052672863 0.22906434535980225 0.030934354290366173 -0.013147277757525444 0.22588282823562622 0.031507208943367004 -0.030166497454047203 0.22680196166038513 0.025352468714118004 -0.00581920612603426 0.23033367097377777
 0.04692894592881203 0.04615189507603645 0.18058864772319794 0.0318681038916111 0.006192414090037346 0.22751937806606293 0.03202968090772629 -0.011970549821853638 0.22385001182556152 0.03294961899518967 -0.0387033075094223 0.2244955152273178 0.02497195638716221 -0.005751714110374451 0.2308131754398346
 0.044516779482364655 0.040590595453977585 0.17896530032157898 0.031246569007635117 0.006342538166791201 0.2272413671016693 0.032961949706077576 0.028877194970846176 0.22923077642917633 0.031661562621593475 -0.0384509414434433 0.22417888045310974 0.0326446071267128 -0.050557173788547516 0.2006031721830368
 0.04658370465040207 0.04628460481762886 0.18075354397296906 0.034904979169368744 0.041398968547582626 0.20537865161895752 0.03160882368683815 -0.012270932085812092 0.2244260609149933 0.029935944825410843 0.01070160511881113 0.22992540895938873 0.03280290216207504 -0.05009876936674118 0.20000238716602325
 0.042601268738508224 0.05390138179063797 0.18346109986305237 0.03209536895155907 0.008986890316009521 0.22152765095233917 0.032920729368925095 -0.014700119383633137 0.22868265211582184 0.031595341861248016 0.006619852036237717 0.22167114913463593 0.033063676208257675 -0.03913114592432976 0.2018084079027176
 0.04641203209757805 0.060993582010269165 0.18324953317642212 0.030729152262210846 0.04670298099517822 0.21296781301498413 0.03029400296509266 -0.005019492469727993 0.22584408521652222 0.03187849745154381 0.006657280493527651 0.22167706489562988 0.03276447951793671 -0.04128093644976616 0.18725675344467163
 0.04588741809129715 0.060961756855249405 0.18330571055412292 0.03150254860520363 0.045387547463178635 0.2112974375486374 0.0321495421230793 -0.014827488921582699 0.22890275716781616 0.03228393942117691 -0.03466803953051567 0.21831828355789185 0.02675151266157627 -0.006778306793421507 0.2281923145055771
 0.04804573953151703 0.062346916645765305 0.18229295313358307 0.03061256743967533 0.04678654670715332 0.2130742222070694 0.03267669677734375 -0.014435858465731144 0.22865353524684906 0.03142145276069641 0.00660709897056222 0.22168099880218506 0.026484999805688858 -0.0066480813547968864 0.22836747765541077
 0.04833683744072914 0.04756863787770271 0.18068575859069824 0.03334340453147888 0.04159967601299286 0.20585891604423523 0.03163895756006241 0.023648051545023918 0.219986230134964 0.027744140475988388 0.013880586251616478 0.2359989583492279 0.0228369552642107 -0.004445826169103384 0.23328904807567596
 0.04698757082223892 0.04464390501379967 0.18015971779823303 0.033453889191150665 0.04080107808113098 0.204702690243721 0.03284045308828354 0.02067207545042038 0.21503649652004242 0.03161722794175148 -0.04100457578897476 0.22810974717140198 0.03263820707798004 -0.05719096586108208 0.2101302295923233
 0.048036783933639526 0.04738745838403702 0.18072880804538727 0.03377245366573334 0.04073604941368103 0.20465023815631866 0.032831065356731415 0.020666522905230522 0.21498695015907288 0.03210730850696564 -0.04108251631259918 0.22818666696548462 0.0225068349391222 -0.004311619326472282 0.2336312085390091
 0.04798518121242523 0.04739969223737717 0.1807539016008377 0.03398284316062927 0.04085153713822365 0.20474694669246674 0.03283090889453888 0.02069282718002796 0.21508923172950745 0.030583156272768974 -0.04113287106156349 0.22819428145885468 0.034202735871076584 -0.05902104824781418 0.2127811759710312
 0.048153653740882874 0.04596765711903572 0.1803198754787445 0.033399246633052826 0.04086165130138397 0.20472010970115662 0.03263086825609207 0.02125004678964615 0.216083824634552 0.031083669513463974 -0.040907327085733414 0.22787339985370636 0.03295520320534706 -0.05652620643377304 0.20919367671012878
 0.04722558334469795 0.04695501551032066 0.1807900071144104 0.024812443181872368 -0.00013318493438418955 0.2411309778690338 0.029836811125278473 -0.02108757384121418 0.2398591935634613 0.028149578720331192 0.014096199534833431 0.23637795448303223 0.021371489390730858 -0.003787366207689047 0.2347201555967331
 0.04665439575910568 0.04619251564145088 0.18068827688694 0.028580956161022186 0.060035377740859985 0.2321624755859375 0.026451949030160904 -0.02339956723153591 0.24376365542411804 0.023928428068757057 0.004233384970575571 0.2458021491765976 0.015126419253647327 -0.0017466890858486295 0.23909151554107666
 0.04751763120293617 0.049448318779468536 0.18136940896511078 0.015751224011182785 -0.0036896481178700924 0.24875783920288086 0.025694401934742928 -0.023754077032208443 0.24443410336971283 0.021369054913520813 0.01781042292714119 0.24365344643592834 0.033335477113723755 -0.04333227872848511 0.19029496610164642
 0.047145869582891464 0.04867114871740341 0.18124428391456604 0.015891138464212418 -0.003655571723356843 0.2486826330423355 0.025836462154984474 -0.023769529536366463 0.2444036602973938 0.02137630060315132 0.017812173813581467 0.2436511069536209 0.03326328471302986 -0.04312991723418236 0.19004499912261963
 0.047587111592292786 0.05241408571600914 0.18193918466567993 0.01558400597423315 -0.003727841656655073 0.2488538920879364 0.025794073939323425 -0.023746730759739876 0.24439001083374023 0.02008887194097042 0.018393049016594887 0.24471598863601685 0.013783466070890427 -0.0014195196563377976 0.23981836438179016
 0.047986727207899094 0.05039925500750542 0.18144921958446503 0.015821149572730064 -0.003674570471048355 0.24871619045734406 0.02576598897576332 -0.023749370127916336 0.24437454342842102 0.022250529378652573 0.01963040977716446 0.2470521330833435 0.03431662917137146 -0.042957134544849396 0.18977363407611847
 0.046144649386405945 0.036550674587488174 0.17733827233314514 0.029850397258996964 0.05971863120794296 0.23171007633209229 0.027591662481427193 0.03587552532553673 0.24134936928749084 0.03277050703763962 -0.034400708973407745 0.21785776317119598 0.035608310252428055 -0.04322035238146782 0.19015176594257355
 0.04746698960661888 0.049310095608234406 0.18134146928787231 0.028179597109556198 0.05980613827705383 0.2318183332681656 0.025987310335040092 -0.02372787706553936 0.24434228241443634 0.02201489359140396 0.008325569331645966 0.2481929212808609 0.014543321914970875 -0.0016238584648817778 0.239400714635849
 0.045473579317331314 0.04429169371724129 0.18025538325309753 0.030762361362576485 0.0589197538793087 0.2305314540863037 0.02590958960354328 -0.023733971640467644 0.24433867633342743 0.032429274171590805 -0.034371115267276764 0.2177242636680603 0.03536596521735191 -0.04385275021195412 0.1910168081521988
 0.04773390665650368 0.052572909742593765 0.18194641172885895 0.015521685592830181 -0.0037332354113459587 0.24888859689235687 0.027138900011777878 0.036757513880729675 0.24277612566947937 0.019104447215795517 0.01874147541821003 0.2454393059015274 0.023648452013731003 -0.023550260812044144 0.23786284029483795
 0.046715766191482544 0.04518105089664459 0.18038450181484222 0.0266176238656044 0.029369696974754333 0.2440660148859024 0.025532826781272888 -0.02402650937438011 0.24485771358013153 0.03244529664516449 -0.033871524035930634 0.21713393926620483 0.034985169768333435 -0.04382680356502533 0.19103991985321045
 0.022983182221651077 0.07174160331487656 0.1888090968132019 0.03304147347807884 0.04154996946454048 0.20575375854969025 0.03236318752169609 0.022086285054683685 0.21733422577381134 0.030688736587762833 0.00625701854005456 0.22114653885364532 0.029406288638710976 -0.009478735737502575 0.22245559096336365
 0.0234686192125082 0.06903418153524399 0.188749298453331 0.030854398384690285 0.008699423633515835 0.22239582240581512 0.030391201376914978 -0.01715867966413498 0.23300500214099884 0.025772415101528168 -0.04583284631371498 0.23555822670459747 0.029608653858304024 -0.009744078852236271 0.22196772694587708
 0.02346685156226158 0.06869876384735107 0.1886759251356125 0.03607379272580147 0.0408477708697319 0.20474664866924286 0.030537275597453117 -0.016678698360919952 0.23225371539592743 0.03054598905146122 0.005855279974639416 0.22035035490989685 0.028591729700565338 -0.06456771492958069 0.2207084596157074
 0.025729401037096977 0.06103742495179176 0.18696722388267517 0.03156289458274841 0.011265384964644909 0.2168716937303543 0.030635133385658264 -0.013677047565579414 0.2270171344280243 0.03067968226969242 0.0042419168166816235 0.21723371744155884 0.025421317666769028 -0.0674554780125618 0.22482909262180328
 0.03929150104522705 0.06301701068878174 0.1855606585741043 0.03304167091846466 0.034158866852521896 0.20023447275161743 0.03331192210316658 0.017590023577213287 0.2095700353384018 0.02856605313718319 -0.042925991117954254 0.23103953897953033 0.03453998640179634 -0.012310142628848553 0.21642814576625824
 0.03870632126927376 0.0621582567691803 0.1856278032064438 0.03304855525493622 0.013886420987546444 0.21141201257705688 0.0333305187523365 0.018369324505329132 0.21092556416988373 0.028568021953105927 -0.04287443310022354 0.23096606135368347 0.032251741737127304 -0.013210047036409378 0.21462903916835785
 0.04369126632809639 0.04224136099219322 0.17964646220207214 0.032439280301332474 0.03469923883676529 0.19590117037296295 0.03327208012342453 -0.0076608797535300255 0.21677468717098236 0.029907861724495888 -0.040645964443683624 0.22747398912906647 0.03261933475732803 -0.013162020593881607 0.2147093415260315
 0.047047898173332214 0.048094164580106735 0.18110008537769318 0.033058732748031616 0.015373742207884789 0.2080225795507431 0.032610926777124405 -0.008589403703808784 0.2181934118270874 0.03224138543009758 0.0016417145961895585 0.2119932472705841 0.024721989408135414 -0.06803818792104721 0.22569094598293304
 0.048004113137722015 0.050337523221969604 0.18142037093639374 0.03245159983634949 0.03449839726090431 0.1956174075603485 0.0328049398958683 -0.008387603797018528 0.2179642915725708 0.032142605632543564 0.0016241581179201603 0.2119588702917099 0.02470441535115242 -0.06801910698413849 0.22570431232452393
 0.050964321941137314 0.049139123409986496 0.1802893877029419 0.03254922851920128 0.035017967224121094 0.19639728963375092 0.03278862312436104 0.014985335990786552 0.2050500214099884 0.030000504106283188 -0.04038912430405617 0.22730663418769836 0.024733418598771095 -0.06799890100955963 0.2256723791360855
 0.048300307244062424 0.05071793124079704 0.18142156302928925 0.03237636014819145 0.03447844460606575 0.19559741020202637 0.03279396519064903 0.014959217980504036 0.20500856637954712 0.029877254739403725 -0.04061185568571091 0.22754788398742676 0.024670591577887535 -0.0680488646030426 0.22574663162231445
 0.04704819247126579 0.03325129672884941 0.17599816620349884 0.03508723899722099 0.01808408461511135 0.20248441398143768 0.0337938629090786 -0.005673638544976711 0.21326841413974762 0.03282739967107773 -6.399885023711249e-06 0.2087412029504776 0.025189267471432686 -0.0676918625831604 0.22505758702754974
 0.047586362808942795 0.03954189643263817 0.17835691571235657 0.03171151503920555 0.033109284937381744 0.19368456304073334 0.031914807856082916 0.013129821978509426 0.2018182873725891 0.03385181352496147 -0.0011416394263505936 0.2065110057592392 0.032465945929288864 -0.01590888388454914 0.20873089134693146
 0.04819429665803909 0.03880889713764191 0.17802894115447998 0.031860269606113434 0.03331772983074188 0.19397729635238647 0.03458904102444649 -0.005210521165281534 0.2124488651752472 0.03071872517466545 -0.03815054893493652 0.22373883426189423 0.033904362469911575 -0.016006378456950188 0.20848076045513153
 0.048147086054086685 0.03906381502747536 0.17810611426830292 0.031279172748327255 0.03242542967200279 0.19270402193069458 0.03110632672905922 0.011950569227337837 0.1997927725315094 0.030722003430128098 -0.038003936409950256 0.22351796925067902 0.02564568817615509 -0.06731469184160233 0.22460690140724182
 0.047707997262477875 0.03913357853889465 0.17820942401885986 0.034725312143564224 0.018779048696160316 0.20096413791179657 0.032849572598934174 0.007545363157987595 0.20742996037006378 0.03068920038640499 -0.0381065234541893 0.2236584573984146 0.03380785882472992 -0.015828538686037064 0.20893494784832
 0.04752660170197487 0.03912867233157158 0.17821469902992249 0.036375075578689575 0.017916204407811165 0.202796071767807 0.031709618866443634 0.012820815667510033 0.20131996273994446 0.03305244445800781 -0.0006774410721845925 0.20743800699710846 0.025481553748250008 -0.06742001324892044 0.22484181821346283
 0.047028202563524246 0.0399557463824749 0.17855548858642578 0.03174688667058945 0.03318970650434494 0.19377082586288452 0.0347173772752285 -0.005353504791855812 0.2126881331205368 0.03334295004606247 -0.000817128864582628 0.20713508129119873 0.03472296521067619 -0.015566161833703518 0.2094230353832245
 0.04680531099438667 0.04104349762201309 0.17895632982254028 0.031220700591802597 0.032302845269441605 0.1924889236688614 0.032088227570056915 0.013417127542197704 0.2023327350616455 0.034016747027635574 -0.0009881160221993923 0.20679791271686554 0.0326375849545002 -0.015682635828852654 0.20920807123184204
 0.04662482440471649 0.038083672523498535 0.17790235579013824 0.03218653425574303 0.03401756286621094 0.19496795535087585 0.03127000108361244 0.012172664515674114 0.20014120638370514 0.0329984650015831 -0.0003123138740193099 0.2081921398639679 0.02542961947619915 -0.06745453923940659 0.22486671805381775
 0.04722636938095093 0.03943875432014465 0.17835545539855957 0.032744359225034714 0.0331941619515419 0.19377851486206055 0.031447459012269974 0.012383127585053444 0.20054061710834503 0.033638108521699905 -0.0009858630364760756 0.20675815641880035 0.02527051419019699 -0.0676337257027626 0.22506539523601532
 0.04644057899713516 0.03550375998020172 0.17690299451351166 0.03269486874341965 0.03315277397632599 0.1937195211648941 0.0350382924079895 -0.005506803747266531 0.21297727525234222 0.030647337436676025 -0.038302961736917496 0.22391630709171295 0.025390807539224625 -0.067536860704422 0.22490854561328888
 0.04788748547434807 0.03867880627512932 0.1779976338148117 0.031097179278731346 0.032110635191202164 0.19221225380897522 0.03449627012014389 -0.005540317390114069 0.21294476091861725 0.03320872038602829 -0.0008848070283420384 0.20698681473731995 0.02533511072397232 -0.067540243268013 0.22496457397937775
 0.0478040874004364 0.039365921169519424 0.17827439308166504 0.03575821593403816 0.018518812954425812 0.20149356126785278 0.03185674920678139 0.013064482249319553 0.2017315924167633 0.03069637157022953 -0.037933334708213806 0.22339481115341187 0.032705266028642654 -0.026933420449495316 0.21581003069877625
 0.04431796818971634 0.010256252251565456 0.1667080670595169 0.028588471934199333 0.0016674328362569213 0.23748177289962769 0.034477051347494125 0.016015952453017235 0.20678573846817017 0.02192498743534088 -0.048544857650995255 0.2398034632205963 0.013485065661370754 -0.07417766749858856 0.23434893786907196
 0.04432772472500801 0.01025825273245573 0.16668163239955902 0.028609003871679306 0.0015205341624096036 0.23767778277397156 0.03418923541903496 0.0155124356970191 0.20600470900535583 0.021317653357982635 -0.048893190920352936 0.24024023115634918 0.011141673661768436 -0.07609900832176208 0.23705454170703888
 0.011775477789342403 0.10422845929861069 0.17508576810359955 0.0006999566103331745 0.03361424803733826 0.2660876512527466 0.0005314791342243552 0.006949995178729296 0.2734139859676361 0.0008298174943774939 -0.016851691529154778 0.2662864625453949 0.0006164360092952847 -0.03921469673514366 0.2560928463935852
 0.02962283417582512 0.09301882982254028 0.18052692711353302 0.016291357576847076 0.06918997317552567 0.24523882567882538 0.013253496028482914 -0.030791843309998512 0.2565707862377167 0.011062848381698132 0.02225547283887863 0.2525091767311096 0.013519485481083393 -6.585991650354117e-05 0.24279041588306427
 0.047290101647377014 0.042128510773181915 0.1792771816253662 0.032655052840709686 0.014378992840647697 0.2101702094078064 0.03328896313905716 0.01753394305706024 0.20947271585464478 0.032107945531606674 0.001575852744281292 0.21185529232025146 0.02173331007361412 -0.07009266316890717 0.22863203287124634
 0.04798679053783417 0.04561484977602959 0.1802697479724884 0.03272838890552521 0.014498157426714897 0.20989790558815002 0.032940760254859924 -0.008371853269636631 0.2179020643234253 0.0312102772295475 -0.03968706727027893 0.226182222366333 0.033469587564468384 -0.013088514097034931 0.21483272314071655
 0.027264850214123726 0.07052494585514069 0.18825550377368927 0.030767425894737244 0.04674258083105087 0.2131839096546173 0.03059358336031437 0.024749845266342163 0.22196295857429504 0.03124367818236351 -0.03922741487622261 0.22528550028800964 0.03370947390794754 -0.04560716077685356 0.19356603920459747
 0.027188539505004883 0.08049172163009644 0.18628259003162384 0.034139931201934814 0.047505300492048264 0.21427200734615326 0.030316712334752083 -0.019108658656477928 0.23634172976016998 0.030246812850236893 -0.041324447840452194 0.22849217057228088 0.0331769622862339 -0.0459933802485466 0.1942075937986374
 0.02762495167553425 0.08495727926492691 0.18394875526428223 0.030743544921278954 0.04661673307418823 0.2130242884159088 0.03066387213766575 0.02462427131831646 0.22185511887073517 0.03083472140133381 0.0083631481975317 0.22523359954357147 0.03387635573744774 -0.045690979808568954 0.19379110634326935
 0.02690858580172062 0.08033140748739243 0.18640533089637756 0.031275928020477295 0.03538196161389351 0.21668821573257446 0.030818335711956024 -0.018548952415585518 0.23546446859836578 0.031479641795158386 -0.03989994898438454 0.2263362556695938 0.03383193537592888 -0.046128977090120316 0.19434283673763275
 0.027814285829663277 0.08507003635168076 0.18382611870765686 0.03208998218178749 0.006679168902337551 0.22679747641086578 0.030894577503204346 0.024281645193696022 0.22120840847492218 0.03278017044067383 0.008434060961008072 0.2254340797662735 0.03323053568601608 -0.04604276269674301 0.1942213475704193
 0.026627810671925545 0.08488237112760544 0.18427416682243347 0.030825991183519363 0.046476297080516815 0.2127857506275177 0.03088710643351078 0.0244081262499094 0.22147530317306519 0.03275151178240776 0.008175737224519253 0.22480107843875885 0.028154129162430763 -0.007398773450404406 0.2269643098115921
 0.027474286034703255 0.0851985365152359 0.18383869528770447 0.031409233808517456 0.006469052284955978 0.22718535363674164 0.030663780868053436 0.024856938049197197 0.22212041914463043 0.030879149213433266 0.008444984443485737 0.22535859048366547 0.028262024745345116 -0.007485721725970507 0.22685162723064423
 0.0272567979991436 0.08308466523885727 0.18509657680988312 0.031763095408678055 0.006774258799850941 0.22645203769207 0.030596699565649033 0.024755103513598442 0.22206543385982513 0.03091161884367466 0.008139804005622864 0.22481471300125122 0.03430577740073204 -0.04579317942261696 0.19394011795520782
 0.027041597291827202 0.08336430042982101 0.18502651154994965 0.031236127018928528 0.0464923232793808 0.21287159621715546 0.03273606672883034 -0.019785629585385323 0.2376995086669922 0.030539344996213913 -0.040976326912641525 0.22803449630737305 0.029587851837277412 -0.0075568538159132 0.22675424814224243
 0.0263306125998497 0.08229056745767593 0.1857132613658905 0.03175751864910126 0.006586538627743721 0.22716127336025238 0.03116563707590103 0.02480892278254032 0.22219005227088928 0.032233141362667084 -0.039897166192531586 0.2263762205839157 0.029565587639808655 -0.013490164652466774 0.22700931131839752
 0.02770611271262169 0.08529110997915268 0.18370915949344635 0.03058566339313984 0.0468018613755703 0.2132888287305832 0.032252006232738495 -0.01893901824951172 0.23619240522384644 0.03258457034826279 0.007941486313939095 0.22433175146579742 0.030116811394691467 -0.007219334132969379 0.22746382653713226
 0.025963017717003822 0.07856591790914536 0.18718336522579193 0.03077787533402443 0.04658078774809837 0.2129581719636917 0.030850116163492203 -0.018526414409279823 0.23543941974639893 0.03230080381035805 0.007864272221922874 0.22429664433002472 0.03380304202437401 -0.045933160930871964 0.19409354031085968
 0.03710106387734413 0.05105474963784218 0.18320704996585846 0.027207180857658386 0.060106776654720306 0.23225493729114532 0.02850089780986309 0.03503551334142685 0.23977340757846832 0.025048216804862022 0.01657850481569767 0.2412591129541397 0.013560548424720764 -0.001376766012981534 0.23998355865478516
 0.03948287293314934 0.048462554812431335 0.18209247291088104 0.027502456679940224 0.05969224125146866 0.2317763864994049 0.025930078700184822 -0.023502115160226822 0.2440844476222992 0.0332011915743351 -0.024178169667720795 0.20216381549835205 0.014219911769032478 -0.0015630405396223068 0.23955582082271576
 0.04245618358254433 0.06748796254396439 0.18449199199676514 0.027177462354302406 0.059901636093854904 0.2321193665266037 0.025597218424081802 -0.023823097348213196 0.24456408619880676 0.024126149713993073 0.016981730237603188 0.24201849102973938 0.014091908931732178 -0.0015085358172655106 0.23962731659412384
 0.04530208930373192 0.06666819006204605 0.18330557644367218 0.027264969423413277 0.0016746423207223415 0.23711350560188293 0.030454590916633606 -0.01682671345770359 0.2325686812400818 0.022324148565530777 0.017184901982545853 0.24278271198272705 0.021601246669888496 -0.0043334499932825565 0.23448170721530914
 0.04540744796395302 0.06414606422185898 0.18359437584877014 0.027421412989497185 0.0016739852726459503 0.23705630004405975 0.015653744339942932 0.042579952627420425 0.2529080808162689 0.030264636501669884 -0.03970089554786682 0.22591671347618103 0.020989518612623215 -0.003745662048459053 0.23513415455818176
 0.021830733865499496 0.08100537210702896 0.1872245818376541 0.031136032193899155 0.01013614609837532 0.21917042136192322 0.031967777758836746 -0.008872570469975471 0.21867036819458008 0.03134293854236603 0.004847310017794371 0.21839788556098938 0.03071577101945877 -0.012556361965835094 0.2158661186695099
 0.020600058138370514 0.08340615779161453 0.18650855123996735 0.03465564176440239 0.05043867602944374 0.21843507885932922 0.03063586726784706 0.024698803201317787 0.22197261452674866 0.03063758835196495 0.0059436592273414135 0.2204720675945282 0.03255068510770798 -0.0488990843296051 0.19825373589992523
 0.021951744332909584 0.08049485087394714 0.18741768598556519 0.032894037663936615 0.05039021745324135 0.2184477597475052 0.03185446560382843 -0.009008578024804592 0.2188202142715454 0.031161902472376823 -0.0310885738581419 0.21273989975452423 0.0320911705493927 -0.04988955706357956 0.1996685415506363
 0.020735299214720726 0.08321903645992279 0.18656250834465027 0.03214582800865173 0.050791215151548386 0.218936949968338 0.030624017119407654 0.02470061182975769 0.22193889319896698 0.03121746890246868 -0.031073933467268944 0.2127019166946411 0.03232554718852043 -0.04944811761379242 0.19902318716049194
 0.021213404834270477 0.08312292397022247 0.18651989102363586 0.03168259933590889 0.010351138189435005 0.21871066093444824 0.031823839992284775 0.024334268644452095 0.2212466150522232 0.03224554657936096 0.006003433372825384 0.22060124576091766 0.03188742324709892 -0.04703852906823158 0.20242401957511902
 0.020740285515785217 0.0835050716996193 0.18642926216125488 0.03207245469093323 0.05094081908464432 0.21915537118911743 0.03171371668577194 -0.009287489578127861 0.21928797662258148 0.030515804886817932 0.005554884672164917 0.21971526741981506 0.03075064718723297 -0.012713588774204254 0.21572695672512054
 0.02067703753709793 0.08346544206142426 0.18646612763404846 0.030514763668179512 0.009722745046019554 0.22004424035549164 0.0306143406778574 0.024680249392986298 0.22190037369728088 0.03067968599498272 0.005991263780742884 0.22054430842399597 0.030777357518672943 -0.012901373207569122 0.21524974703788757
 0.021443121135234833 0.08193470537662506 0.18696504831314087 0.030366115272045135 0.010111127980053425 0.21925200521945953 0.030581003054976463 0.024738939478993416 0.22194074094295502 0.030873224139213562 -0.03152940422296524 0.2134077101945877 0.03190747648477554 -0.050299085676670074 0.2002597600221634
 0.018261419609189034 0.09092959761619568 0.18246562778949738 0.018750859424471855 -0.002631600946187973 0.2464594542980194 0.019058778882026672 0.04140572249889374 0.2508588135242462 0.013447090983390808 0.020474687218666077 0.24896655976772308 0.007700369693338871 0.0019033337011933327 0.24651986360549927
 0.029431961476802826 0.06014089286327362 0.18643423914909363 0.030274271965026855 0.008717415854334831 0.22162766754627228 0.032536398619413376 -0.004216850269585848 0.21869142353534698 0.03317754343152046 -0.026306675747036934 0.20524030923843384 0.03309907764196396 -0.04093654081225395 0.18711848556995392
 0.02945566736161709 0.06283893436193466 0.1871204376220703 0.030706491321325302 0.009013994596898556 0.22183993458747864 0.0301629900932312 0.02519829198718071 0.22283726930618286 0.03085070289671421 0.007413454353809357 0.22343039512634277 0.03285897150635719 -0.03897874802350998 0.1840280443429947
 0.028810592368245125 0.06488731503486633 0.18743641674518585 0.03069922886788845 0.0090327812358737 0.22158250212669373 0.030364014208316803 0.025163467973470688 0.22266849875450134 0.03069741278886795 0.007255436386913061 0.22310666739940643 0.03086451068520546 -0.012675747275352478 0.2163194715976715
 0.02926860749721527 0.06507236510515213 0.18762046098709106 0.03095305524766445 0.04643934220075607 0.21275538206100464 0.030218293890357018 0.02520567737519741 0.22280949354171753 0.030678194016218185 0.007298777811229229 0.22330084443092346 0.03227710351347923 -0.038543060421943665 0.18366336822509766
