 0.04892068728804588 0.029972152784466743 0.17459551990032196 0.029574628919363022 0.02837991900742054 0.18678677082061768 0.03263239189982414 0.02173885889351368 0.21681340038776398 0.03145667538046837 0.0025087017565965652 0.21364657580852509 0.027202298864722252 -0.033367373049259186 0.17609167098999023
 0.0487145371735096 0.028439709916710854 0.17402347922325134 0.029440995305776596 0.003918041475117207 0.23245380818843842 0.0325167179107666 0.022015539929270744 0.21726995706558228 0.030234094709157944 -0.03233213350176811 0.21468862891197205 0.028766492381691933 -0.03413661569356918 0.17717143893241882
 0.04809072986245155 0.03124552220106125 0.17516885697841644 0.028514452278614044 0.02803616411983967 0.18645654618740082 0.032494671642780304 0.021883705630898476 0.2170708328485489 0.03147023171186447 0.008878441527485847 0.22618500888347626 0.02985481731593609 -0.03389305621385574 0.17683789134025574
 0.04786790534853935 0.027876971289515495 0.17381234467029572 0.028180811554193497 0.002441331511363387 0.23553559184074402 0.02960226498544216 -0.019243478775024414 0.23645168542861938 0.030720921233296394 0.007550983224064112 0.22359779477119446 0.029533402994275093 -0.009689764119684696 0.22211937606334686
 0.047926805913448334 0.025797678157687187 0.17302928864955902 0.02805889956653118 0.002316889585927129 0.23575805127620697 0.033125173300504684 0.019283907487988472 0.21250252425670624 0.032892584800720215 -0.027530964463949203 0.2072996348142624 0.02818385325372219 -0.008238091133534908 0.22544671595096588
 0.047384198755025864 0.019602112472057343 0.17049160599708557 0.030801650136709213 0.0070123374462127686 0.22584615647792816 0.02934802696108818 -0.019863763824105263 0.23761631548404694 0.03159322589635849 -0.028685886412858963 0.21271400153636932 0.029163505882024765 -0.03406441584229469 0.1770506501197815
 0.04967854917049408 0.025361429899930954 0.17270271480083466 0.03319462388753891 0.006144202779978514 0.22773316502571106 0.03184549883008003 0.012917193584144115 0.2015405297279358 0.03456196188926697 -0.022372480481863022 0.19933177530765533 0.03344549238681793 -0.03574330732226372 0.17957744002342224
 0.049792878329753876 0.02546832151710987 0.1727437824010849 0.03080628626048565 0.00555514357984066 0.2289980798959732 0.03270107880234718 0.014790627174079418 0.20475898683071136 0.03357459977269173 -0.01965741440653801 0.19517695903778076 0.035220637917518616 -0.03349423035979271 0.19173747301101685
 0.0483095683157444 0.026589734479784966 0.17330652475357056 0.02718900516629219 0.026319382712244987 0.18651099503040314 0.03516682982444763 -0.0015886672772467136 0.23144690692424774 0.03190644457936287 0.0019146931590512395 0.21252712607383728 0.029124319553375244 -0.03375699371099472 0.17662271857261658
 0.04432964324951172 0.010239191353321075 0.16668827831745148 0.020091192796826363 -0.002276818500831723 0.24584241211414337 0.03121951036155224 -0.015432526357471943 0.23020994663238525 0.031815458089113235 -0.030035527423024178 0.21104022860527039 0.03389164060354233 -0.04132653772830963 0.18727503716945648
 0.04433300346136093 0.010258618742227554 0.16669383645057678 0.018557924777269363 -0.002918356331065297 0.2471766620874405 0.030913112685084343 -0.015535677783191204 0.22984693944454193 0.01530530396848917 0.02176509238779545 0.2513301968574524 0.010976011864840984 0.00042862456757575274 0.24389877915382385
 0.04433223605155945 0.010257343761622906 0.16668109595775604 0.01888832077383995 -0.0028453636914491653 0.2468906044960022 0.030989302322268486 -0.01552028302103281 0.2298256903886795 0.016836466267704964 0.020730074495077133 0.2493923157453537 0.033778466284275055 -0.040330130606889725 0.18618491291999817
 0.044336896389722824 0.0102500906214118 0.1666867882013321 0.03056829422712326 0.03134738653898239 0.19117942452430725 0.03198469430208206 -0.015648098662495613 0.23022155463695526 0.01760886237025261 0.020283032208681107 0.2484830617904663 0.03472480922937393 -0.041487786918878555 0.18737344443798065
 0.04434014484286308 0.010255553759634495 0.16668188571929932 0.03188486024737358 0.0334877073764801 0.1943528652191162 0.032095298171043396 -0.015395894646644592 0.22981300950050354 0.018526868894696236 0.019478771835565567 0.24684369564056396 0.03378870710730553 -0.040633250027894974 0.1862785965204239
 0.04776560515165329 0.022707197815179825 0.17170435190200806 0.030240297317504883 0.005645585712045431 0.22883306443691254 0.030761027708649635 -0.014122026972472668 0.22771942615509033 0.03008396551012993 0.010546169243752956 0.22951331734657288 0.0321100614964962 -0.055682938545942307 0.20805321633815765
 0.046483706682920456 0.038608208298683167 0.17810988426208496 0.031180450692772865 0.0058898902498185635 0.22859059274196625 0.030833838507533073 0.027424782514572144 0.22654026746749878 0.030840571969747543 0.010757246054708958 0.2299494445323944 0.028293734416365623 -0.008339778520166874 0.2250855267047882
 0.04704049229621887 0.0378761887550354 0.17776653170585632 0.034510280936956406 0.042049285024404526 0.2065979391336441 0.0339919812977314 -0.014341368339955807 0.22833243012428284 0.030316730961203575 0.009900154545903206 0.2283060997724533 0.028188252821564674 -0.00816936045885086 0.22570951282978058
 0.04699239134788513 0.03835286200046539 0.1779782623052597 0.03426783159375191 0.04121813550591469 0.20510059595108032 0.032518867403268814 -0.013249664567410946 0.22622373700141907 0.033509332686662674 -0.03654727712273598 0.22109360992908478 0.02895136922597885 -0.008475802838802338 0.2247610241174698
 0.04724110662937164 0.032142288982868195 0.1755082905292511 0.030257927253842354 0.005667245015501976 0.22910095751285553 0.0307476706802845 -0.014214828610420227 0.22788135707378387 0.03084278479218483 -0.0364847406744957 0.2210717648267746 0.03198378160595894 -0.05565221980214119 0.20798078179359436
 0.047122590243816376 0.038060057908296585 0.17784655094146729 0.034505344927310944 0.041258860379457474 0.20526178181171417 0.03363808989524841 -0.013838527724146843 0.22718894481658936 0.031070495024323463 0.010082310065627098 0.22888816893100739 0.03347441926598549 -0.054549239575862885 0.20650292932987213
 0.04688055068254471 0.03848154842853546 0.17801490426063538 0.034217528998851776 0.04214248061180115 0.2065228670835495 0.030564971268177032 0.02764553762972355 0.22701337933540344 0.03279509022831917 -0.035525623708963394 0.2196405678987503 0.028165766969323158 -0.008059020154178143 0.22573460638523102
 0.04729417711496353 0.03910292312502861 0.17824473977088928 0.03391449898481369 0.041753530502319336 0.2059153914451599 0.030750976875424385 0.027977993711829185 0.2275620698928833 0.030287986621260643 0.009940726682543755 0.22831420600414276 0.02835579216480255 -0.008316343650221825 0.22505946457386017
 0.047748927026987076 0.038361866027116776 0.17787981033325195 0.033953335136175156 0.041204050183296204 0.20518933236598969 0.03321666270494461 -0.013354825787246227 0.2264673113822937 0.03023538924753666 0.010201361030340195 0.2289644479751587 0.028572414070367813 -0.008326772600412369 0.22505013644695282
 0.04670674353837967 0.035096410661935806 0.17672504484653473 0.03040292114019394 0.005988562013953924 0.22832925617694855 0.031332675367593765 0.028223583474755287 0.22804175317287445 0.03230741620063782 -0.035277724266052246 0.2193022072315216 0.028394289314746857 -0.008406122215092182 0.22501349449157715
 0.046829599887132645 0.037664175033569336 0.17774058878421783 0.033949654549360275 0.04107297956943512 0.2051219642162323 0.03276524320244789 -0.013533012941479683 0.22675380110740662 0.03219756856560707 -0.03541766479611397 0.21946458518505096 0.028568357229232788 -0.008137253113090992 0.22562958300113678
 0.046797871589660645 0.037436697632074356 0.17766091227531433 0.030523721128702164 0.006507939659059048 0.22736486792564392 0.030691104009747505 0.020573187619447708 0.2303396314382553 0.030908027663826942 -0.03586003929376602 0.22004161775112152 0.028272327035665512 -0.00803493894636631 0.22584229707717896
 0.04645956680178642 0.03534427285194397 0.17685435712337494 0.03124622255563736 0.008003179915249348 0.22372020781040192 0.032281942665576935 -0.01162838563323021 0.22342248260974884 0.03234204649925232 0.008671533316373825 0.22595055401325226 0.030718432739377022 -0.009307491593062878 0.22294452786445618
 0.046505168080329895 0.03637751564383507 0.17724807560443878 0.0359940230846405 0.03838035464286804 0.20109638571739197 0.03294653072953224 -0.01262646820396185 0.22520826756954193 0.03290053829550743 -0.035132136195898056 0.21909022331237793 0.03045639768242836 -0.009551779367029667 0.2224358171224594
 0.04688216745853424 0.033878426998853683 0.17621926963329315 0.034476734697818756 0.037933360785245895 0.20056241750717163 0.03126082941889763 -0.012217062525451183 0.22442753612995148 0.0326988510787487 -0.03592861816287041 0.22022314369678497 0.030265189707279205 -0.009524348191916943 0.22276030480861664
 0.047668881714344025 0.02934708259999752 0.17440873384475708 0.030725840479135513 0.007199481129646301 0.22556614875793457 0.032766565680503845 -0.013498901389539242 0.22665683925151825 0.030689656734466553 -0.03555052727460861 0.2196408063173294 0.030864374712109566 -0.05643512308597565 0.20902514457702637
 0.04785022512078285 0.02633724734187126 0.1731778234243393 0.02927916683256626 0.0039473711512982845 0.23271781206130981 0.030679911375045776 0.01257533673197031 0.23407487571239471 0.033128220587968826 -0.039445359259843826 0.22569000720977783 0.030340595170855522 -0.06033943220973015 0.21472057700157166
 0.047758035361766815 0.02818157710134983 0.17388328909873962 0.035061147063970566 0.0375361293554306 0.1999002993106842 0.03044968470931053 -0.01752866990864277 0.23352502286434174 0.02911227010190487 0.011659719981253147 0.23194004595279694 0.030181962996721268 -0.06023242697119713 0.21461370587348938
 0.04430820420384407 0.010267607867717743 0.16667355597019196 0.029032381251454353 0.0037885885685682297 0.23260638117790222 0.03076840750873089 0.02875508740544319 0.2289401888847351 0.0300652626901865 -0.03946659341454506 0.22601129114627838 0.03037109598517418 -0.06031380221247673 0.2146250456571579
 0.04443777725100517 0.060703590512275696 0.1840517371892929 0.03310156613588333 0.03764874488115311 0.19996075332164764 0.03303518146276474 -0.0019216213840991259 0.20690838992595673 0.03316793218255043 -0.00072439358336851 0.20739075541496277 0.03278176486492157 -0.03582536801695824 0.19906266033649445
 0.044029977172613144 0.06080697849392891 0.1842571347951889 0.03315848112106323 0.015562174841761589 0.20751610398292542 0.03322070837020874 0.016689959913492203 0.2080681324005127 0.03302030265331268 -0.02467021904885769 0.20332612097263336 0.031645409762859344 -0.018216997385025024 0.20384268462657928
 0.04434555023908615 0.05971992760896683 0.18391871452331543 0.03448091447353363 0.016329148784279823 0.20677004754543304 0.03322460129857063 -0.0025124892126768827 0.20744813978672028 0.03328215703368187 -0.0256474781781435 0.20427793264389038 0.0316212996840477 -0.018366297706961632 0.20387589931488037
 0.044224679470062256 0.06080373749136925 0.18401344120502472 0.033894132822752 0.0375298373401165 0.1998748630285263 0.03317362442612648 -0.0024457662366330624 0.20725594460964203 0.033142488449811935 -0.0007531751762144268 0.20732688903808594 0.03373141586780548 -0.0473288968205452 0.19628854095935822
 0.04413684085011482 0.0591265931725502 0.1838778704404831 0.03509967774152756 0.01641084998846054 0.2064434289932251 0.03306015580892563 -0.0021488950587809086 0.2070993185043335 0.0342177078127861 -0.0013671120395883918 0.20637217164039612 0.032524581998586655 -0.04798667132854462 0.1972293108701706
 0.04508363828063011 0.06071816384792328 0.18416911363601685 0.03322958946228027 0.03772473335266113 0.20016641914844513 0.0332576222717762 0.016718143597245216 0.20813533663749695 0.033924661576747894 -0.02446667104959488 0.20237529277801514 0.03265237435698509 -0.04821327328681946 0.1974738985300064
 0.04325013980269432 0.05735969543457031 0.1838434338569641 0.03309227153658867 0.015337258577346802 0.2078647017478943 0.03330075368285179 0.01684151589870453 0.20826439559459686 0.03325176239013672 -0.025490570813417435 0.20415061712265015 0.03273013234138489 -0.048495177179574966 0.19755803048610687
 0.04432441294193268 0.05997001379728317 0.18394111096858978 0.03319966793060303 0.03731187805533409 0.19984345138072968 0.033390264958143234 -0.001712692785076797 0.2063601315021515 0.034577880054712296 -0.024778109043836594 0.20313440263271332 0.032859090715646744 -0.019248729571700096 0.2016955018043518
 0.04370947927236557 0.059705186635255814 0.1844121217727661 0.03327297046780586 0.037817589938640594 0.20033425092697144 0.03309696540236473 0.01661638356745243 0.20814700424671173 0.03313068300485611 -0.0006851446814835072 0.20742300152778625 0.03159879520535469 -0.01808989979326725 0.20410117506980896
 0.043975070118904114 0.05955742299556732 0.18406447768211365 0.03306611254811287 0.01532918494194746 0.20776431262493134 0.03322169557213783 0.01688208244740963 0.20822197198867798 0.03323376551270485 -0.02552511915564537 0.2040831595659256 0.03273618593811989 -0.048475753515958786 0.19745367765426636
 0.021145550534129143 0.08229663223028183 0.18686123192310333 0.03054901584982872 0.05032137408852577 0.21832123398780823 0.03118344396352768 -0.01337716355919838 0.2267543226480484 0.030324548482894897 0.009964092634618282 0.22835418581962585 0.02922150306403637 -0.009425243362784386 0.22290131449699402
 0.021218061447143555 0.08149195462465286 0.1870325654745102 0.03050818294286728 0.05015600100159645 0.218220517039299 0.03219643980264664 -0.013587310910224915 0.22723446786403656 0.0307362861931324 0.010202756151556969 0.229234516620636 0.028843974694609642 -0.009062279015779495 0.22314861416816711
 0.03404738008975983 0.07707180082798004 0.18545037508010864 0.028844058513641357 0.003007294377312064 0.23429356515407562 0.030115103349089622 -0.018321415409445763 0.23502425849437714 0.028194474056363106 0.013700318522751331 0.23580831289291382 0.027782870456576347 -0.06498345732688904 0.2213003933429718
 0.032829202711582184 0.07849841564893723 0.1854255199432373 0.030305854976177216 0.05451606959104538 0.22433145344257355 0.03036111779510975 -0.01802811026573181 0.23457126319408417 0.02908376045525074 -0.04342009127140045 0.23187850415706635 0.026089245453476906 -0.006421204656362534 0.22926543653011322
 0.03294157609343529 0.07705995440483093 0.18587584793567657 0.030008642002940178 0.05519270896911621 0.22529052197933197 0.02992740273475647 -0.018506012856960297 0.23546218872070312 0.027150649577379227 0.014029652811586857 0.2364669293165207 0.027761399745941162 -0.06496437638998032 0.22110258042812347
 0.0325574092566967 0.0795474573969841 0.18511180579662323 0.030400823801755905 0.05424077436327934 0.22390465438365936 0.032002173364162445 -0.01840944215655327 0.23519138991832733 0.029403146356344223 -0.043169841170310974 0.2314050793647766 0.026874005794525146 -0.00634883064776659 0.22939297556877136
 0.03833208978176117 0.08076582103967667 0.18206064403057098 0.03112371824681759 0.05262131989002228 0.22163303196430206 0.03094727173447609 0.029017141088843346 0.22936418652534485 0.030652109533548355 0.01022940594702959 0.22889713943004608 0.03028126247227192 -0.009524008259177208 0.22252319753170013
 0.03990386426448822 0.07259476184844971 0.1845453530550003 0.031204672530293465 0.00707836402580142 0.22568339109420776 0.03113357163965702 -0.012442860752344131 0.22476576268672943 0.030771324411034584 -0.037534501403570175 0.22265499830245972 0.029655812308192253 -0.00980155449360609 0.22184479236602783
 0.04007524251937866 0.0766993910074234 0.18317799270153046 0.03211382403969765 0.007487225346267223 0.22490213811397552 0.031518712639808655 -0.012405592948198318 0.22473399341106415 0.030765719711780548 -0.03738018870353699 0.22243547439575195 0.031825046986341476 -0.0564330630004406 0.20901979506015778
 0.03921721503138542 0.07918745279312134 0.1824774295091629 0.03204509988427162 0.05172611027956009 0.2202989012002945 0.033210109919309616 -0.013621429912745953 0.22680485248565674 0.031748853623867035 -0.037886228412389755 0.22320452332496643 0.03036106377840042 -0.00968439131975174 0.22207805514335632
 0.03961201384663582 0.07909838110208511 0.1823573112487793 0.03248137608170509 0.05200301855802536 0.2206670045852661 0.032985907047986984 -0.013151883147656918 0.22599637508392334 0.03155630826950073 -0.037847504019737244 0.22314618527889252 0.030265213921666145 -0.009619099088013172 0.22221709787845612
 0.03895458206534386 0.07996033132076263 0.18220512568950653 0.03316102176904678 0.03269517794251442 0.22644701600074768 0.03201334923505783 0.028890132904052734 0.2291363775730133 0.03102242201566696 0.010368909686803818 0.22913289070129395 0.03168180212378502 -0.0560564249753952 0.20846708118915558
 0.038819704204797745 0.07996532320976257 0.18228000402450562 0.03347662091255188 0.04079660773277283 0.2232402116060257 0.03189698979258537 -0.012617367319762707 0.2251640409231186 0.03318967670202255 0.010624883696436882 0.2296404093503952 0.031744569540023804 -0.05499275028705597 0.20697292685508728
 0.04056161642074585 0.062241632491350174 0.1852087378501892 0.030907809734344482 0.0034688899759203196 0.23340687155723572 0.03095206245779991 0.03351649269461632 0.23719599843025208 0.028233686462044716 0.01455752644687891 0.2373591661453247 0.026626985520124435 -0.006700500845909119 0.22848285734653473
 0.03863534703850746 0.07630319148302078 0.1839611530303955 0.031290989369153976 0.05185428261756897 0.22042573988437653 0.030530573800206184 -0.012318756431341171 0.2245931625366211 0.031222380697727203 -0.03784196078777313 0.22311463952064514 0.031002337113022804 -0.0554342083632946 0.20760439336299896
 0.041896965354681015 0.04526543244719505 0.18084309995174408 0.02509007789194584 0.0001428574469173327 0.24060480296611786 0.01505676656961441 -0.028880352154374123 0.2532600164413452 0.030283544212579727 -0.032219141721725464 0.21448063850402832 0.03028007782995701 -0.05353318527340889 0.20487646758556366
 0.0407828688621521 0.04682166874408722 0.18147127330303192 0.025043560191988945 0.0001363031769869849 0.24065615236759186 0.032507628202438354 0.02164834924042225 0.21661508083343506 0.029758527874946594 0.011129109188914299 0.23055213689804077 0.024104436859488487 -0.005106714088469744 0.23189128935337067
 0.047903966158628464 0.025175686925649643 0.17274658381938934 0.0201401524245739 -0.0022854458075016737 0.2457173764705658 0.013641366735100746 -0.029364148154854774 0.25405216217041016 0.03030415251851082 -0.04048389568924904 0.2272447943687439 0.018558621406555176 -0.002735293470323086 0.2369363009929657
 0.04736056178808212 0.03281968832015991 0.17583045363426208 0.03145451098680496 0.030955160036683083 0.1906009018421173 0.03432302549481392 0.02818644791841507 0.2280324548482895 0.03188050538301468 -0.0384114570915699 0.22415246069431305 0.02517394907772541 -0.005751410499215126 0.23056139051914215
 0.04431161656975746 0.01025431603193283 0.1666717827320099 0.029909349977970123 0.0035045992117375135 0.23331201076507568 0.020410938188433647 0.04077909514307976 0.24978123605251312 0.02123086526989937 0.017816882580518723 0.2438155859708786 0.0329849049448967 -0.04760243371129036 0.19637571275234222
 0.044314928352832794 0.01025499776005745 0.1666788011789322 0.021722830832004547 0.06458088010549545 0.23864904046058655 0.03473065048456192 -0.01063187699764967 0.22165676951408386 0.03231905773282051 -0.029417114332318306 0.21021981537342072 0.032983649522066116 -0.04849628731608391 0.19774232804775238
 0.04425156116485596 0.01023507583886385 0.16669943928718567 0.02997102402150631 0.003433915786445141 0.23357386887073517 0.030475957319140434 -0.01098722219467163 0.22234845161437988 0.032203033566474915 -0.029336294159293175 0.21004724502563477 0.027737481519579887 -0.007663032039999962 0.2264901101589203
 0.04505280405282974 0.011860636994242668 0.16732975840568542 0.030883265659213066 0.0031657498329877853 0.234028622508049 0.02004602923989296 0.040946099907159805 0.25007304549217224 0.032696180045604706 -0.02907519042491913 0.20966222882270813 0.02743399702012539 -0.007462639827281237 0.2270839363336563
 0.04538790509104729 0.012720823287963867 0.16765736043453217 0.021022144705057144 0.06498666852712631 0.23918317258358002 0.03403274714946747 -0.011211001314222813 0.2227274626493454 0.03298886865377426 -0.028909888118505478 0.20940415561199188 0.02801762893795967 -0.007756627164781094 0.2262633889913559
 0.04753032326698303 0.030635664239525795 0.1749131828546524 0.02004307322204113 0.044580865651369095 0.2497778832912445 0.03355708345770836 -0.007373840548098087 0.2160944789648056 0.028567025437951088 0.0128267677500844 0.2340150624513626 0.03078298829495907 -0.012896398082375526 0.21531938016414642
 0.04763023555278778 0.030022941529750824 0.1746709942817688 0.01423972100019455 0.06781318038702011 0.24331161379814148 0.033614370971918106 -0.007793733384460211 0.21677400171756744 0.02887583337724209 0.012698234058916569 0.23394973576068878 0.030952539294958115 -0.012920212931931019 0.21516680717468262
 0.04780744016170502 0.028398161754012108 0.17401215434074402 0.032992489635944366 0.005886392202228308 0.22834327816963196 0.032407619059085846 -0.008053325116634369 0.21719874441623688 0.02823960967361927 0.013091303408145905 0.23463550209999084 0.03334960341453552 -0.04488765820860863 0.1925390660762787
 0.04781680926680565 0.023475762456655502 0.1720173954963684 0.022029032930731773 0.06440337747335434 0.2383735030889511 0.020852165296673775 0.04059123992919922 0.2494659721851349 0.027804194018244743 0.013599790632724762 0.23555462062358856 0.036042843014001846 -0.04250488802790642 0.18915821611881256
 0.047819048166275024 0.02819446288049221 0.17392897605895996 0.021871553733944893 0.06449609249830246 0.23851102590560913 0.020747052505612373 0.04063327610492706 0.24954324960708618 0.027715258300304413 0.013651693239808083 0.23568056523799896 0.03587730973958969 -0.042624376714229584 0.18933890759944916
 0.047819703817367554 0.028137989342212677 0.17390836775302887 0.02750828117132187 0.059872038662433624 0.2319205105304718 0.03310573846101761 -0.006583123933523893 0.21473369002342224 0.028513571247458458 0.01284745242446661 0.23401710391044617 0.03313992917537689 -0.04060867801308632 0.18643003702163696
 0.0472983755171299 0.03206772729754448 0.17550940811634064 0.0278567373752594 0.05958123132586479 0.23149113357067108 0.03302453085780144 -0.006911376491189003 0.2153347283601761 0.03403134644031525 -0.024995621293783188 0.20344935357570648 0.034091517329216 -0.04200876131653786 0.1884251981973648
 0.04432807117700577 0.010260368697345257 0.1666843593120575 0.027835309505462646 0.05948919430375099 0.23136252164840698 0.026230061426758766 0.037916023284196854 0.2448049783706665 0.031232552602887154 0.009150166995823383 0.2268194854259491 0.027151411399245262 -0.03339635953307152 0.1761024445295334
 0.04690130054950714 0.03381402790546417 0.1761927753686905 0.027480270713567734 0.05993230640888214 0.23196767270565033 0.033066749572753906 -0.006599545944482088 0.2147502899169922 0.02853439189493656 0.012822387740015984 0.23396439850330353 0.03533964604139328 -0.041458677500486374 0.18764656782150269
 0.0477408692240715 0.029066815972328186 0.1742844432592392 0.026983672752976418 0.0605526827275753 0.2328859567642212 0.025876902043819427 0.03810221329331398 0.24508917331695557 0.03337988629937172 -0.02460014447569847 0.20280781388282776 0.03331561014056206 -0.03596794605255127 0.19543375074863434
 0.04721755534410477 0.032450463622808456 0.17565585672855377 0.03155290335416794 0.006480592302978039 0.22716715931892395 0.025748979300260544 0.03797544166445732 0.24493084847927094 0.033337272703647614 -0.024301741272211075 0.20229411125183105 0.031233439221978188 -0.015727683901786804 0.20928864181041718
 0.04679279774427414 0.037103429436683655 0.177494078874588 0.027226034551858902 0.06021289527416229 0.23239044845104218 0.026267390698194504 0.03813284635543823 0.24523164331912994 0.02866773121058941 0.012683453969657421 0.23368576169013977 0.03491740673780441 -0.04047361761331558 0.18631304800510406
 0.04432912543416023 0.01025213859975338 0.16668081283569336 0.032643258571624756 0.039390042424201965 0.22490042448043823 0.028192466124892235 -0.021440895274281502 0.24039845168590546 0.03235603868961334 -0.036659810692071915 0.22139285504817963 0.030939167365431786 -0.05193689092993736 0.20261330902576447
 0.04625368490815163 0.036182183772325516 0.1771431863307953 0.015143144875764847 -0.0038659395650029182 0.2491815686225891 0.03208107873797417 0.031133247539401054 0.23305702209472656 0.0323067270219326 -0.03736627846956253 0.2224036604166031 0.03091312199831009 -0.051955051720142365 0.20264050364494324
 0.04366709291934967 0.042292457073926926 0.17962132394313812 0.03214258700609207 0.04518090561032295 0.2109639197587967 0.03117182105779648 0.031899355351924896 0.2344900667667389 0.03236711025238037 -0.036821890622377396 0.2216660976409912 0.008104139007627964 0.0015513850376009941 0.2461630254983902
 0.042013347148895264 0.06535465270280838 0.18473473191261292 0.0280012097209692 0.0019806749187409878 0.23674294352531433 0.03183891996741295 -0.011375420726835728 0.2228853404521942 0.019136883318424225 0.019364846870303154 0.2468540519475937 0.027388621121644974 -0.007437217980623245 0.22710464894771576
 0.04274182394146919 0.06730729341506958 0.18434667587280273 0.032129332423210144 0.05273275822401047 0.22178184986114502 0.034831300377845764 -0.01252768374979496 0.22492742538452148 0.020134057849645615 0.01909668557345867 0.24635428190231323 0.03215392678976059 -0.03954758122563362 0.18495413661003113
 0.04273926839232445 0.06481572985649109 0.18451187014579773 0.032808613032102585 0.05208345875144005 0.22082382440567017 0.032036058604717255 -0.011201632209122181 0.22266383469104767 0.03321998193860054 -0.026076003909111023 0.2050505131483078 0.03269781917333603 -0.04089468717575073 0.1868317425251007
 0.04187343642115593 0.0658448114991188 0.18479299545288086 0.03362766280770302 0.05272568017244339 0.22177782654762268 0.028301935642957687 0.035124145448207855 0.24021680653095245 0.03306347504258156 -0.026952004060149193 0.20645350217819214 0.032988324761390686 -0.04186093062162399 0.18824291229248047
 0.042306121438741684 0.06866392493247986 0.18432940542697906 0.027927950024604797 0.002125055529177189 0.2363978922367096 0.027973225340247154 0.03558086231350899 0.2408304065465927 0.03445855900645256 -0.02616460621356964 0.2051018476486206 0.027095220983028412 -0.007159803528338671 0.2276066094636917
 0.042588721960783005 0.07246031612157822 0.18342824280261993 0.03135323151946068 0.005760099273175001 0.22866468131542206 0.03416319936513901 -0.007523493375629187 0.21622192859649658 0.03156425431370735 -0.01860620453953743 0.1935487985610962 0.027168340981006622 -0.033374711871147156 0.17609089612960815
 0.042657334357500076 0.07555513083934784 0.18234175443649292 0.03102235123515129 0.005545228254050016 0.22906556725502014 0.03274272754788399 0.020787551999092102 0.2152605652809143 0.02957254648208618 0.013441127724945545 0.23524223268032074 0.033201564103364944 -0.023566756397485733 0.192383274435997
 0.02424188144505024 0.0598987452685833 0.18690022826194763 0.033063195645809174 0.03944963216781616 0.20254333317279816 0.033257294446229935 0.0190366730093956 0.21202890574932098 0.02991771697998047 -0.03990171477198601 0.22647976875305176 0.024822639301419258 -0.0680743157863617 0.22548580169677734
 0.024199144914746284 0.06016065925359726 0.18707609176635742 0.03218313679099083 0.013745885342359543 0.2117769569158554 0.03322785720229149 0.01896994560956955 0.2119935005903244 0.03129388391971588 0.0025758310221135616 0.21394236385822296 0.03053784929215908 -0.01296544261276722 0.215144544839859
 0.024158194661140442 0.06007177382707596 0.186966672539711 0.03198741376399994 0.013336592353880405 0.2125149667263031 0.031261932104825974 -0.009695884771645069 0.22017621994018555 0.030186550691723824 -0.03968947008252144 0.22622616589069366 0.030613044276833534 -0.013123050332069397 0.2147878259420395
 0.02424064837396145 0.0597434863448143 0.1867372691631317 0.03244176134467125 0.013966148719191551 0.21108053624629974 0.03125614672899246 -0.009823199361562729 0.2202426940202713 0.02999977022409439 -0.040214382112026215 0.226850688457489 0.02484167367219925 -0.06794433295726776 0.22544696927070618
 0.04454386606812477 0.06733100116252899 0.18359005451202393 0.0329798124730587 0.04774948209524155 0.21467609703540802 0.03221006691455841 0.02884264849126339 0.22930854558944702 0.02010679990053177 -0.04954218864440918 0.24120034277439117 0.02419438771903515 -0.005153003614395857 0.23178882896900177
 0.04382968693971634 0.06105860322713852 0.1840142160654068 0.031092306599020958 0.04835730046033859 0.21553228795528412 0.025888465344905853 -0.02357237972319126 0.24400073289871216 0.019514979794621468 -0.04985172301530838 0.24160830676555634 0.012728076428174973 -0.07464776188135147 0.23514573276042938
 0.04433551803231239 0.062296513468027115 0.1839153915643692 0.02777205966413021 0.0018303542165085673 0.23691079020500183 0.026089800521731377 -0.02341477945446968 0.2438759058713913 0.019191566854715347 -0.04993465170264244 0.24188017845153809 0.024083562195301056 -0.005156578961759806 0.23188516497612
 0.040751852095127106 0.053399767726659775 0.18362769484519958 0.028041746467351913 0.001895575667731464 0.23703400790691376 0.03361136093735695 0.0278379675000906 0.2273353785276413 0.01979110948741436 -0.04973802715539932 0.24146215617656708 0.01336541585624218 -0.07393526285886765 0.2341170608997345
 0.04480528458952904 0.06734107434749603 0.18350179493427277 0.028464797884225845 0.001980328233912587 0.2367577701807022 0.031312886625528336 0.027712322771549225 0.22716692090034485 0.02993691712617874 0.0123389707878232 0.23300714790821075 0.024448838084936142 -0.005300561897456646 0.23150818049907684
 0.043502531945705414 0.06089362874627113 0.18415993452072144 0.03408138453960419 0.04844801872968674 0.2157013863325119 0.026177994906902313 -0.023342419415712357 0.24377569556236267 0.030174843966960907 0.012894563376903534 0.2340160310268402 0.013359094969928265 -0.07398796826601028 0.23410606384277344
 0.0416773185133934 0.056253280490636826 0.18409463763237 0.028609629720449448 0.0022530017886310816 0.2361544966697693 0.031128844246268272 0.02828136272728443 0.22829267382621765 0.01984422281384468 -0.04971460998058319 0.2413921356201172 0.02436879649758339 -0.005249919835478067 0.23160815238952637
 0.04443098604679108 0.06418221443891525 0.18388612568378448 0.028317766264081 0.0017701953183859587 0.2370806485414505 0.026173096150159836 -0.023418063297867775 0.24381139874458313 0.020037714391946793 -0.04957614839076996 0.24128325283527374 0.02413630485534668 -0.00512215169146657 0.2318844050168991
 0.04331259801983833 0.06033111736178398 0.18420641124248505 0.027419831603765488 0.0015701476950198412 0.23761190474033356 0.025882801041007042 -0.023557478561997414 0.2441413551568985 0.030315281823277473 0.01318281702697277 0.23471589386463165 0.013717321678996086 -0.07362154871225357 0.23353177309036255
