 0.04696684330701828 0.033393293619155884 0.17593981325626373 0.03001694194972515 0.0038456174079328775 0.23303741216659546 0.03009616956114769 0.0234909076243639 0.22536706924438477 0.03243332728743553 -0.020561646670103073 0.19651097059249878 0.024863949045538902 -0.005295406561344862 0.23194259405136108
 0.04730057716369629 0.03240034356713295 0.17569519579410553 0.030060088261961937 0.003575673094019294 0.23320209980010986 0.031181244179606438 -0.016256555914878845 0.23145438730716705 0.03265127167105675 -0.03033081628382206 0.21173104643821716 0.026663146913051605 -0.0058541917242109776 0.23040784895420074
 0.0482633113861084 0.029456650838255882 0.1744467318058014 0.03021850623190403 0.028636084869503975 0.187141552567482 0.0332767590880394 0.020833071321249008 0.21530531346797943 0.03169720247387886 0.006366863381117582 0.22135555744171143 0.032501235604286194 -0.009681818075478077 0.22207406163215637
 0.05019418150186539 0.02770254760980606 0.1735808551311493 0.02893568016588688 0.028167681768536568 0.18664398789405823 0.03114202804863453 -0.010168011300265789 0.22088029980659485 0.03206538036465645 0.006447691470384598 0.22138887643814087 0.03247876092791557 -0.00988096185028553 0.22162030637264252
 0.047930020838975906 0.024823619052767754 0.17268474400043488 0.02767026424407959 0.028215568512678146 0.1868726909160614 0.031026162207126617 -0.010164380073547363 0.22092457115650177 0.03218796104192734 -0.029362298548221588 0.21005529165267944 0.03189997375011444 -0.009923551231622696 0.22186079621315002
 0.0500330813229084 0.028118671849370003 0.1737678050994873 0.032135557383298874 0.008534482680261135 0.22272834181785583 0.03301724046468735 0.021161649376153946 0.21563348174095154 0.0316188782453537 0.006974267307668924 0.22249601781368256 0.02717808075249195 -0.0333738848567009 0.17609283328056335
 0.04959550499916077 0.02816758304834366 0.1738356202840805 0.03206048905849457 0.009063081815838814 0.22181907296180725 0.03370802104473114 0.02083190530538559 0.2153017520904541 0.03378445282578468 0.0072639272548258305 0.22311851382255554 0.03087092563509941 -0.009973551146686077 0.22168757021427155
 0.04789861664175987 0.025041278451681137 0.1726776659488678 0.027231091633439064 0.027783598750829697 0.18612167239189148 0.03127335384488106 -0.010150650516152382 0.2207508385181427 0.032513201236724854 -0.02879873290657997 0.2093058079481125 0.027177250012755394 -0.03315124660730362 0.1762331873178482
 0.047917552292346954 0.025072164833545685 0.17270183563232422 0.02729935012757778 0.027791842818260193 0.18613339960575104 0.030657490715384483 -0.010760878212749958 0.22177369892597198 0.03052997589111328 -0.011186310090124607 0.2200373113155365 0.031442079693078995 -0.010069857351481915 0.22121912240982056
 0.047924481332302094 0.024651741608977318 0.17262433469295502 0.03380268067121506 0.008473142981529236 0.22331346571445465 0.03249480947852135 0.021285397931933403 0.21607975661754608 0.03184810280799866 -0.02999100275337696 0.21097661554813385 0.027178218588232994 -0.03337668254971504 0.17609433829784393
 0.04791884869337082 0.02555733360350132 0.172904834151268 0.03303637355566025 0.00849516037851572 0.22278918325901031 0.030830616131424904 -0.01052477303892374 0.22150865197181702 0.03204194828867912 -0.02966887876391411 0.21058475971221924 0.027336325496435165 -0.03350433334708214 0.17627611756324768
 0.04949763044714928 0.028218340128660202 0.1738673895597458 0.03408224135637283 0.008475360460579395 0.2230183482170105 0.032778073102235794 0.02101205289363861 0.2155846804380417 0.034009139984846115 -0.02934132143855095 0.21013695001602173 0.029951563104987144 -0.009860362857580185 0.2219042330980301
 0.04790329933166504 0.025616714730858803 0.17291021347045898 0.03259043022990227 0.00874487403780222 0.2224462628364563 0.03292311728000641 0.020400667563080788 0.21461164951324463 0.03213780000805855 -0.029560821130871773 0.21036387979984283 0.027180351316928864 -0.033376846462488174 0.1760944128036499
 0.0477294959127903 0.02888752706348896 0.17415398359298706 0.03497856482863426 0.018987545743584633 0.2002338171005249 0.03316602483391762 -0.0013984472025185823 0.2056620568037033 0.03314385190606117 -0.0008451284375041723 0.20708732306957245 0.0330333486199379 -0.0196540467441082 0.20079556107521057
 0.04943738132715225 0.026706889271736145 0.17327110469341278 0.02718769572675228 0.027812905609607697 0.18610413372516632 0.033035825937986374 0.015607931651175022 0.2062326967716217 0.035085372626781464 -0.024535153061151505 0.20271126925945282 0.031451523303985596 -0.012031322345137596 0.2170613706111908
 0.04786963760852814 0.02339698001742363 0.17205622792243958 0.030003705993294716 0.028754372149705887 0.1873672902584076 0.03146696835756302 -0.009702609851956367 0.22006964683532715 0.03408807888627052 -0.026258409023284912 0.2053397297859192 0.0314611941576004 -0.03838225454092026 0.18316642940044403
 0.04777594283223152 0.022416401654481888 0.17164655029773712 0.029938600957393646 0.028864849358797073 0.18749889731407166 0.031482234597206116 -0.009699604474008083 0.22002112865447998 0.03409498184919357 -0.026259224861860275 0.2053346484899521 0.03144954517483711 -0.03837268427014351 0.1831463724374771
 0.04787019267678261 0.025493819266557693 0.17283916473388672 0.030087564140558243 0.02873147837817669 0.18732097744941711 0.03152453526854515 -0.009549872018396854 0.2198350429534912 0.033979251980781555 -0.025628745555877686 0.20436494052410126 0.0315772145986557 -0.011782136745750904 0.21785041689872742
 0.049450188875198364 0.02070501260459423 0.17081518471240997 0.027541307732462883 0.027956416830420494 0.1863700896501541 0.03294778987765312 0.015684353187680244 0.20628578960895538 0.033283159136772156 -0.02510460652410984 0.20352554321289062 0.03073563426733017 -0.03603917360305786 0.17987845838069916
 0.051098939031362534 0.016844552010297775 0.16887374222278595 0.03284632787108421 0.014977128244936466 0.2089093178510666 0.032842379063367844 0.014838255941867828 0.20491930842399597 0.03322122246026993 -0.02341395802795887 0.2008994072675705 0.02548062428832054 -0.0056473445147275925 0.2307654172182083
 0.049133382737636566 0.017691396176815033 0.1694706827402115 0.03306787833571434 0.014421182684600353 0.21036693453788757 0.0311473049223423 -0.015035771764814854 0.22929704189300537 0.033967647701501846 -0.025601740926504135 0.20430715382099152 0.029654115438461304 -0.0358094722032547 0.17955972254276276
 0.041158441454172134 0.046338409185409546 0.18125317990779877 0.030319884419441223 0.04711573198437691 0.21344280242919922 0.030494781211018562 -0.015755727887153625 0.23091402649879456 0.030392667278647423 -0.03190942481160164 0.21754200756549835 0.02713107503950596 -0.0333128422498703 0.1760537326335907
 0.04408244416117668 0.041511815041303635 0.17928530275821686 0.028552519157528877 0.0031684981659054756 0.23469531536102295 0.030371930450201035 0.026390966027975082 0.2248389720916748 0.029393967241048813 0.012035132385790348 0.2323928326368332 0.033087607473134995 -0.04725292697548866 0.19565856456756592
 0.04230291023850441 0.05702386423945427 0.1841544210910797 0.034316763281822205 0.01652662269771099 0.20546282827854156 0.03151991218328476 0.011622470803558826 0.20100530982017517 0.030963914468884468 -0.04057634621858597 0.22735948860645294 0.024031121283769608 -0.06866142898797989 0.2264849841594696
 0.04369179904460907 0.060833271592855453 0.18419797718524933 0.029698925092816353 0.028660848736763 0.1873394101858139 0.03246099129319191 0.013733020052313805 0.20290625095367432 0.03154369816184044 -0.040481340140104294 0.2272224873304367 0.0332789309322834 -0.012394811026751995 0.2162824124097824
 0.042396772652864456 0.05818850174546242 0.18430446088314056 0.027119766920804977 0.027774551883339882 0.18609267473220825 0.030775561928749084 -0.011487689800560474 0.22315731644630432 0.033396754413843155 0.0010541382944211364 0.21211613714694977 0.02415231056511402 -0.06862948834896088 0.22643400728702545
 0.042830176651477814 0.05914391204714775 0.18431058526039124 0.033875223249197006 0.01595368981361389 0.2067936658859253 0.03309599310159683 -0.012958260253071785 0.22579830884933472 0.03254394605755806 0.0016426981892436743 0.21202287077903748 0.024076255038380623 -0.06860487908124924 0.22642485797405243
 0.03794783353805542 0.05246512219309807 0.18366675078868866 0.0331275500357151 0.015601441264152527 0.20749713480472565 0.03328561410307884 -0.014011017978191376 0.22761552035808563 0.03188920393586159 0.0019630813039839268 0.2126598209142685 0.03133796900510788 -0.011953506618738174 0.21732717752456665
 0.036000851541757584 0.05990607291460037 0.18584199249744415 0.030629334971308708 0.01139239501208067 0.21653175354003906 0.02969198115170002 -0.019120359793305397 0.23646214604377747 0.03139474242925644 0.004151325672864914 0.21689216792583466 0.022545335814356804 -0.06953854858875275 0.22785240411758423
 0.04069763422012329 0.06946245580911636 0.1848425567150116 0.031208017840981483 0.011740000918507576 0.21576924622058868 0.031591255217790604 -0.020813053473830223 0.23943747580051422 0.03299614042043686 0.004775312729179859 0.21807830035686493 0.023158347234129906 -0.06913287937641144 0.2273057997226715
 0.04015674814581871 0.06774347275495529 0.18520070612430573 0.03315792605280876 0.03725925832986832 0.19959500432014465 0.033233560621738434 0.019081691280007362 0.21218864619731903 0.026060285046696663 -0.045825280249118805 0.2354842573404312 0.021712971851229668 -0.07011207938194275 0.22858405113220215
 0.04088312014937401 0.06961333751678467 0.18475592136383057 0.0330924428999424 0.03684855252504349 0.1990223526954651 0.033215682953596115 0.019268106669187546 0.21252787113189697 0.032260291278362274 0.0044986228458583355 0.21749179065227509 0.022382622584700584 -0.06965234875679016 0.22798775136470795
 0.03873373568058014 0.06478685140609741 0.18579800426959991 0.031003542244434357 0.01174225378781557 0.2157362699508667 0.02995869889855385 -0.020293012261390686 0.23845712840557098 0.02574976533651352 -0.046039316803216934 0.23576514422893524 0.030969128012657166 -0.01637066714465618 0.2077436000108719
 0.04805411770939827 0.02975373901426792 0.1745811551809311 0.03102586790919304 0.03145037963986397 0.19099999964237213 0.030903005972504616 0.02466050535440445 0.22174905240535736 0.02006382681429386 0.01821961998939514 0.24468256533145905 0.015112780034542084 -0.0017146007157862186 0.2390846163034439
 0.047504134476184845 0.030820630490779877 0.17495502531528473 0.033083733171224594 0.029193172231316566 0.2027869075536728 0.02858247235417366 -0.020308267325162888 0.23872502148151398 0.021101847290992737 0.017739592120051384 0.24385873973369598 0.01541410107165575 -0.0018479152349755168 0.2390333116054535
 0.04742423817515373 0.033413346856832504 0.17609329521656036 0.032284803688526154 0.03233709931373596 0.19276274740695953 0.03041539527475834 -0.017098134383559227 0.2330656200647354 0.025886932387948036 0.015158925205469131 0.23869022727012634 0.02233963832259178 -0.004354695789515972 0.23388032615184784
 0.04701556637883186 0.035169195383787155 0.17678233981132507 0.03368975222110748 0.032628677785396576 0.1929626762866974 0.030426841229200363 0.026011953130364418 0.2241990864276886 0.029509635642170906 -0.041549041867256165 0.2288808971643448 0.022949259728193283 -0.004572742152959108 0.23326966166496277
 0.046724531799554825 0.03463326767086983 0.1765742003917694 0.027159571647644043 0.0016905952943488955 0.2375013530254364 0.030195143073797226 0.02631285786628723 0.22484499216079712 0.0259519275277853 0.015191670507192612 0.2386939525604248 0.02719174325466156 -0.03337506577372551 0.1760946810245514
 0.046715907752513885 0.03579692170023918 0.17710500955581665 0.03422307223081589 0.03255297988653183 0.19285666942596436 0.030373308807611465 0.026228684931993484 0.22454798221588135 0.029540950432419777 -0.041317831724882126 0.22875069081783295 0.022884393110871315 -0.004555063787847757 0.2333538681268692
 0.04746603965759277 0.034709732979536057 0.17656482756137848 0.032921772450208664 0.03254833072423935 0.19293230772018433 0.030389221385121346 -0.017688235267996788 0.23387807607650757 0.029268529266119003 -0.04198848456144333 0.22956836223602295 0.02871621958911419 -0.020704269409179688 0.22924081981182098
 0.044359829276800156 0.010296691209077835 0.16670231521129608 0.02997606061398983 0.029176902025938034 0.18800127506256104 0.03233088180422783 0.026508470997214317 0.2251780480146408 0.032029684633016586 -0.02955070324242115 0.21041780710220337 0.03398623690009117 -0.039283111691474915 0.18467840552330017
 0.047125596553087234 0.015867257490754128 0.16890712082386017 0.031573738902807236 0.03070850856602192 0.1903267651796341 0.030556442216038704 -0.012826623395085335 0.22553053498268127 0.03061153180897236 0.010983165353536606 0.2303360253572464 0.034050412476062775 -0.04072899371385574 0.1865592747926712
 0.04428157955408096 0.010274223983287811 0.16668449342250824 0.031296130269765854 0.027630984783172607 0.228550523519516 0.030667275190353394 -0.01325355377048254 0.22636383771896362 0.02924088016152382 0.011801819317042828 0.23203431069850922 0.025124339386820793 -0.0058456771075725555 0.2307891845703125
 0.04671263322234154 0.014902270399034023 0.1685297191143036 0.029572632163763046 0.0036323668900877237 0.23327744007110596 0.0328967347741127 0.028429020196199417 0.22830034792423248 0.031693197786808014 -0.03016900084912777 0.2114112228155136 0.030949974432587624 -0.025693170726299286 0.217910036444664
 0.0487888902425766 0.022072017192840576 0.17131638526916504 0.028933588415384293 0.002539742738008499 0.235463947057724 0.03246944397687912 0.02722042426466942 0.2261253297328949 0.029320303350687027 0.011866746470332146 0.23210471868515015 0.027168622240424156 -0.03337274491786957 0.17608970403671265
 0.04432256519794464 0.010252327658236027 0.1666872352361679 0.032587263733148575 0.044586166739463806 0.21012474596500397 0.031092558056116104 -0.014650579541921616 0.22871360182762146 0.018602464348077774 0.01888720877468586 0.24579690396785736 0.03281538560986519 -0.047894176095724106 0.19678771495819092
 0.046073466539382935 0.014527986757457256 0.16839896142482758 0.03177161514759064 0.05111090466380119 0.21947605907917023 0.02997577004134655 0.03463398292660713 0.23908300697803497 0.017918400466442108 0.01918228156864643 0.24619555473327637 0.03090464510023594 -0.03125721588730812 0.22458826005458832
 0.04730430245399475 0.01916505955159664 0.17028440535068512 0.02529551088809967 0.00023478832736145705 0.2403063029050827 0.030846919864416122 -0.015266679227352142 0.2296394556760788 0.032050929963588715 -0.029530569911003113 0.21043212711811066 0.032673489302396774 -0.0384063757956028 0.21860429644584656
 0.04720790684223175 0.01863008178770542 0.1700650006532669 0.026018768548965454 0.014473158866167068 0.24404609203338623 0.029208028689026833 0.03449353575706482 0.23890748620033264 0.031604036688804626 -0.030962610617280006 0.21275271475315094 0.013690200634300709 -0.001431620097719133 0.23996423184871674
 0.047232940793037415 0.018833914771676064 0.17014774680137634 0.031755127012729645 0.05124841257929802 0.21970932185649872 0.030205784365534782 0.03465844690799713 0.2391158640384674 0.03149811178445816 -0.03208313509821892 0.214480921626091 0.03265915811061859 -0.048246558755636215 0.19748340547084808
 0.04771783575415611 0.02195286937057972 0.17141029238700867 0.024024108424782753 -0.00047703797463327646 0.2420000433921814 0.029243111610412598 0.03455263748764992 0.23885078728199005 0.01602877303957939 0.019825980067253113 0.24751636385917664 0.03279486298561096 -0.047997135668992996 0.1969628781080246
 0.04788082838058472 0.026507839560508728 0.17324130237102509 0.03151185065507889 0.05141310766339302 0.21975524723529816 0.02955048903822899 0.034586820751428604 0.23882326483726501 0.015501290559768677 0.019909854978322983 0.2478325068950653 0.013819205574691296 -0.0012286826968193054 0.2402748316526413
 0.0468035489320755 0.01692964695394039 0.16938115656375885 0.032112203538417816 0.0501953549683094 0.21820229291915894 0.03078830987215042 -0.015010032802820206 0.2293286919593811 0.03128993883728981 -0.031291406601667404 0.21314245462417603 0.03284337371587753 -0.048329368233680725 0.19750022888183594
 0.0461190901696682 0.0366193987429142 0.1773609220981598 0.03039003163576126 0.04958883300423622 0.21724821627140045 0.03115975484251976 -0.010299636982381344 0.22119858860969543 0.02913229912519455 0.012580884620547295 0.23355454206466675 0.025279205292463303 -0.005624026525765657 0.2306075394153595
 0.04768231511116028 0.03334644436836243 0.1760399341583252 0.03156811371445656 0.04968876764178276 0.21761442720890045 0.03078838437795639 0.029525399208068848 0.23029378056526184 0.02824358083307743 0.013315184973180294 0.23482899367809296 0.024614553898572922 -0.005479048937559128 0.23132292926311493
 0.04661400616168976 0.03492005169391632 0.17669366300106049 0.030855195596814156 0.031855951994657516 0.22914423048496246 0.030821938067674637 0.02964615821838379 0.23046907782554626 0.03274677321314812 -0.027432285249233246 0.20729312300682068 0.02491001784801483 -0.005606735125184059 0.2309151142835617
 0.04441981017589569 0.04243198782205582 0.17972750961780548 0.032457273453474045 0.0499148890376091 0.21783937513828278 0.03087523765861988 -0.010306631214916706 0.22117289900779724 0.028732506558299065 0.012710160575807095 0.23388703167438507 0.032926298677921295 -0.04766131937503815 0.19663912057876587
 0.044392578303813934 0.04086572676897049 0.17909540235996246 0.03504117578268051 0.050351064652204514 0.2183435559272766 0.030902881175279617 0.029411092400550842 0.23003196716308594 0.0279681533575058 0.013645588420331478 0.23548026382923126 0.02523745223879814 -0.0056959898211061954 0.23059150576591492
 0.04661325737833977 0.03482431173324585 0.17657122015953064 0.02836497873067856 0.0024319447111338377 0.23572978377342224 0.030726635828614235 -0.015695123001933098 0.2302946299314499 0.030834171921014786 -0.03660202398896217 0.22123505175113678 0.018004264682531357 -0.0028255069628357887 0.23758138716220856
 0.044129982590675354 0.045405615121126175 0.18071997165679932 0.03312021866440773 0.0411243699491024 0.20529530942440033 0.030779920518398285 -0.014989670366048813 0.22922948002815247 0.03125550597906113 -0.03576313331723213 0.21998141705989838 0.03339172527194023 -0.04803044721484184 0.1971643567085266
 0.04959789663553238 0.02382541447877884 0.17206816375255585 0.0273949783295393 0.00144207535777241 0.23778188228607178 0.03390760347247124 0.026174573227763176 0.2244628667831421 0.027883579954504967 0.013872637413442135 0.2359757274389267 0.03269840031862259 -0.039738729596138 0.1853235810995102
 0.04886787384748459 0.02295609936118126 0.17176242172718048 0.02765859104692936 0.0015964338090270758 0.23751333355903625 0.03425603732466698 0.025975331664085388 0.22405725717544556 0.02980630472302437 -0.0030854432843625546 0.23961710929870605 0.03488663211464882 -0.04058877378702164 0.18640655279159546
 0.04907848313450813 0.023676656186580658 0.17206279933452606 0.02777152881026268 0.0015787773299962282 0.23754625022411346 0.033642467111349106 0.025984449312090874 0.22422334551811218 0.028411291539669037 0.013973762281239033 0.2361409068107605 0.033857520669698715 -0.04032819718122482 0.18608513474464417
 0.04769380763173103 0.021081164479255676 0.17104502022266388 0.028513310477137566 0.002822505310177803 0.23489782214164734 0.0341973677277565 0.02483588084578514 0.22217510640621185 0.031996726989746094 -0.030323252081871033 0.21167078614234924 0.034452833235263824 -0.04065873473882675 0.18650765717029572
 0.04786951094865799 0.02419632486999035 0.1723148375749588 0.027660323306918144 0.0012919624568894506 0.23817521333694458 0.03399093076586723 0.026285752654075623 0.22466588020324707 0.031604889780282974 -0.030258217826485634 0.2115613967180252 0.026295872405171394 -0.01792748272418976 0.23295632004737854
 0.04817633703351021 0.02197186090052128 0.17139409482479095 0.027594035491347313 0.0013344519538804889 0.23799705505371094 0.03419467434287071 -0.018665963783860207 0.23560623824596405 0.028459586203098297 0.013958262279629707 0.23611804842948914 0.03417993709445 -0.04040942341089249 0.18619176745414734
 0.048639073967933655 0.024158073589205742 0.1722857505083084 0.027698976919054985 0.0013705402379855514 0.23792874813079834 0.03331459313631058 0.026878032833337784 0.22563792765140533 0.032656896859407425 -0.02969355694949627 0.21065880358219147 0.02276739850640297 -0.004472421482205391 0.23335643112659454
 0.048426978290081024 0.021565375849604607 0.1712079644203186 0.02757173217833042 0.0014284852659329772 0.23777298629283905 0.032030899077653885 -0.017813995480537415 0.23413154482841492 0.03178875893354416 -0.030195480212569237 0.21153008937835693 0.034001659601926804 -0.040569789707660675 0.18642519414424896
 0.04914126917719841 0.0234236940741539 0.17193782329559326 0.027538428083062172 0.0016846185317263007 0.23730306327342987 0.03392201289534569 0.026142675429582596 0.2243577390909195 0.03210115432739258 -0.029956882819533348 0.2111598253250122 0.0340350940823555 -0.04045407474040985 0.18628418445587158
 0.047504913061857224 0.03815867751836777 0.17786692082881927 0.030054960399866104 0.01066533662378788 0.2181367725133896 0.03272482007741928 -0.007370773237198591 0.2159806489944458 0.03063482977449894 0.0049605299718678 0.21880961954593658 0.0307016484439373 -0.013235424645245075 0.2146184891462326
 0.04623087868094444 0.03629165515303612 0.1772075742483139 0.034527141600847244 0.03982025384902954 0.20335786044597626 0.032886113971471786 -0.007255203556269407 0.2156585156917572 0.03210775554180145 0.004708135966211557 0.21823051571846008 0.032245200127363205 -0.049481600522994995 0.19906482100486755
 0.04683169350028038 0.03735579922795296 0.17757856845855713 0.03366744518280029 0.012008801102638245 0.21516236662864685 0.0315980389714241 0.023220373317599297 0.219441220164299 0.03335452079772949 -0.026673171669244766 0.20597457885742188 0.03163298964500427 -0.014223306439816952 0.21263328194618225
 0.04671141132712364 0.03467639163136482 0.17656289041042328 0.034905631095170975 0.03920688107609749 0.2024187296628952 0.032923340797424316 -0.007234260905534029 0.21562623977661133 0.03264773637056351 -0.028409289196133614 0.20858201384544373 0.03225373476743698 -0.049528103321790695 0.1991487294435501
 0.046639904379844666 0.034850120544433594 0.1766255646944046 0.032920364290475845 0.013813842087984085 0.21130912005901337 0.032755862921476364 -0.007419094908982515 0.2160300761461258 0.032685939222574234 -0.028388407081365585 0.20848162472248077 0.03179187700152397 -0.05056415870785713 0.20064197480678558
 0.047763362526893616 0.0287020243704319 0.1741459220647812 0.030678849667310715 0.010456731542944908 0.21833807229995728 0.03152865916490555 0.023739898577332497 0.22019371390342712 0.032872285693883896 0.00453756470233202 0.2176586240530014 0.03227397799491882 -0.04941815137863159 0.1989555060863495
 0.04650519788265228 0.03546036407351494 0.17687715590000153 0.031001798808574677 0.010902867652475834 0.21753564476966858 0.03150956705212593 0.023722542449831963 0.22019901871681213 0.03348517045378685 0.004594896920025349 0.2179415374994278 0.032886579632759094 -0.04797245189547539 0.19693611562252045
 0.03950173035264015 0.049799636006355286 0.182623490691185 0.026238329708576202 0.0008591521182097495 0.23905453085899353 0.030719198286533356 -0.018793698400259018 0.23580126464366913 0.02958078496158123 0.012756158597767353 0.23381389677524567 0.023732904344797134 -0.004920314531773329 0.23230457305908203
 0.036751680076122284 0.05191801115870476 0.18354123830795288 0.03186701238155365 0.044783275574445724 0.21041378378868103 0.03261984884738922 0.026204712688922882 0.22456446290016174 0.033361054956912994 -0.02835707552731037 0.2085435837507248 0.023869041353464127 -0.005010393448174 0.2321787029504776
 0.03941153362393379 0.048506125807762146 0.18212471902370453 0.026281310245394707 0.0009363774443045259 0.23900310695171356 0.029804563149809837 -0.018986374139785767 0.23606029152870178 0.032018017023801804 -0.02968660183250904 0.21056318283081055 0.023306412622332573 -0.004800514783710241 0.23271849751472473
 0.04702763631939888 0.04025490581989288 0.17866893112659454 0.027091581374406815 0.027738269418478012 0.186050683259964 0.032588616013526917 0.02148224413394928 0.21635475754737854 0.031532224267721176 0.010387529619038105 0.2291857898235321 0.03309950605034828 -0.046511437743902206 0.1950124204158783
 0.0466853491961956 0.040644336491823196 0.17880146205425262 0.026502257212996483 0.0010906725656241179 0.23862750828266144 0.03330906108021736 0.02181309089064598 0.21681943535804749 0.030841069296002388 0.010058948770165443 0.22836792469024658 0.02441309206187725 -0.00535259023308754 0.23150980472564697
 0.04581845551729202 0.0374961793422699 0.17772409319877625 0.027244484052062035 0.0016752468654885888 0.2373475581407547 0.030653033405542374 0.007710833568125963 0.23779377341270447 0.031188521534204483 -0.03447703272104263 0.2179827094078064 0.032557252794504166 -0.04879036173224449 0.19814050197601318
 0.045816820114851 0.039998650550842285 0.1786642074584961 0.02674528956413269 0.001302747637964785 0.2380954921245575 0.03249451145529747 0.021775459870696068 0.2167784720659256 0.03084271401166916 0.010106339119374752 0.22838953137397766 0.0245270486921072 -0.005468541290611029 0.23132750391960144
 0.046962346881628036 0.0398925356566906 0.17851397395133972 0.02703879028558731 0.0015158619498834014 0.23771758377552032 0.03289177268743515 0.021203577518463135 0.21594111621379852 0.033502086997032166 -0.0349239781498909 0.21867577731609344 0.03273964300751686 -0.048352185636758804 0.1976233422756195
 0.04607517272233963 0.036788467317819595 0.17743602395057678 0.028664395213127136 0.003004780737683177 0.23449602723121643 0.02810281328856945 -0.021534711122512817 0.2405325323343277 0.03271106258034706 -0.03476501256227493 0.2183467298746109 0.03266364708542824 -0.04853900894522667 0.19778431951999664
 0.047061797231435776 0.033152949064970016 0.1759309321641922 0.02697931043803692 0.027756616473197937 0.1860668957233429 0.03326058387756348 0.016789857298135757 0.20820562541484833 0.03211985528469086 -0.030029190704226494 0.21106979250907898 0.033235855400562286 -0.04376988857984543 0.19090008735656738
 0.04603853076696396 0.036903657019138336 0.17744998633861542 0.030587702989578247 0.0064751324243843555 0.22696922719478607 0.02973930723965168 -0.01899891532957554 0.23615211248397827 0.03127152472734451 0.00626556109637022 0.22110094130039215 0.03497811779379845 -0.04348583519458771 0.19048020243644714
 0.04559558257460594 0.03796752914786339 0.17792373895645142 0.02716907672584057 0.027776280418038368 0.1860923171043396 0.03325819596648216 0.01819477416574955 0.21061745285987854 0.03235194832086563 -0.029782963916659355 0.21071387827396393 0.02793421782553196 -0.007889452390372753 0.2258971482515335
 0.04657522216439247 0.047839246690273285 0.18101398646831512 0.031684525310993195 0.03285498544573784 0.19349431991577148 0.03377940505743027 -0.00042396606295369565 0.2049686759710312 0.033005863428115845 -0.026118559762835503 0.20494987070560455 0.03165242075920105 -0.01756165362894535 0.2050437182188034
 0.04620371386408806 0.044832874089479446 0.1803361028432846 0.03163633123040199 0.033016387373209 0.19350889325141907 0.03302201256155968 -0.0012978286249563098 0.2054976522922516 0.03323175758123398 -0.026216674596071243 0.20516447722911835 0.032801032066345215 -0.04803258925676346 0.19707728922367096
 0.04694918915629387 0.04724358767271042 0.1810004860162735 0.031696975231170654 0.03303360939025879 0.19357851147651672 0.03201080858707428 0.01314294058829546 0.20192982256412506 0.033257633447647095 -0.0023174304515123367 0.20434784889221191 0.033908944576978683 -0.047952763736248016 0.19708597660064697
 0.047077398747205734 0.0496213436126709 0.18152691423892975 0.0337056964635849 0.01930154114961624 0.20045651495456696 0.0319976881146431 0.013101838529109955 0.20179949700832367 0.033342860639095306 -0.0017644668696448207 0.20513233542442322 0.03323374316096306 -0.047998543828725815 0.1970299780368805
 0.0469609759747982 0.04640113189816475 0.18064437806606293 0.031734999269247055 0.033082086592912674 0.19356656074523926 0.03409344330430031 -0.000696807459462434 0.20508599281311035 0.03325477987527847 -0.02621854655444622 0.20504915714263916 0.03118538297712803 -0.017372647300362587 0.20525319874286652
 0.04511118307709694 0.04712114855647087 0.18121886253356934 0.03169897571206093 0.03302771970629692 0.19351723790168762 0.03374391794204712 -0.0002163602039217949 0.20482489466667175 0.033149603754282 -0.026228444650769234 0.2050034999847412 0.031810350716114044 -0.02168283984065056 0.20476065576076508
 0.04742743447422981 0.04959842935204506 0.1813887655735016 0.03516716510057449 0.019562892615795135 0.20030099153518677 0.0339701771736145 5.9646012232406065e-05 0.2040547877550125 0.03309493139386177 -0.02619568631052971 0.20499595999717712 0.031189963221549988 -0.017439140006899834 0.2052447646856308
 0.03597110137343407 0.052150826901197433 0.18356798589229584 0.031582966446876526 0.028595615178346634 0.19517368078231812 0.033716730773448944 -0.007291980553418398 0.2160029113292694 0.03104632906615734 -0.037186868488788605 0.2221231311559677 0.030947130173444748 -0.060772161930799484 0.21522262692451477
 0.028815094381570816 0.057396043092012405 0.18568512797355652 0.030790790915489197 0.007500895764678717 0.22458140552043915 0.0303731057792902 -0.01778096705675125 0.23389001190662384 0.02736854925751686 -0.044415995478630066 0.2333047240972519 0.03364834189414978 -0.04808327183127403 0.19692498445510864
 0.027347756549715996 0.058200083673000336 0.18598511815071106 0.03305751085281372 0.04138174653053284 0.20580387115478516 0.02996840886771679 -0.01815386302769184 0.23458370566368103 0.02728191204369068 -0.04441311955451965 0.23315098881721497 0.03164985403418541 -0.010878977365791798 0.2192998230457306
 0.027598852291703224 0.05815377086400986 0.18609531223773956 0.03301994130015373 0.041656993329524994 0.20567725598812103 0.0321386344730854 0.022540977224707603 0.21804960072040558 0.028083575889468193 -0.04364117234945297 0.23195844888687134 0.031214477494359016 -0.01031564548611641 0.22065696120262146
 0.04432748258113861 0.010259301401674747 0.1666835993528366 0.03335762023925781 0.005660217255353928 0.22864942252635956 0.030609358102083206 0.03043207898736 0.23182716965675354 0.026196153834462166 0.014918788336217403 0.2381114810705185 0.031930629163980484 -0.05029616132378578 0.20021572709083557
 0.04589961841702461 0.013980629853904247 0.16818523406982422 0.021606378257274628 0.06460105627775192 0.23869822919368744 0.03083035722374916 -0.012761174701154232 0.2253287434577942 0.030519530177116394 -0.03212274983525276 0.2143416404724121 0.03120560385286808 -0.050597645342350006 0.20275655388832092
 0.04432743787765503 0.010264186188578606 0.16667833924293518 0.030158616602420807 0.004549690987914801 0.2311294674873352 0.031182296574115753 -0.010383328422904015 0.22526401281356812 0.026197265833616257 0.01493191346526146 0.23814229667186737 0.03195800259709358 -0.05023941397666931 0.20018161833286285
 0.04664263874292374 0.04615450277924538 0.18062257766723633 0.020784756168723106 0.06511946022510529 0.23942260444164276 0.03241591155529022 -0.011642194353044033 0.2233707755804062 0.025792697444558144 0.015248890034854412 0.2387508749961853 0.028402620926499367 -0.008271871134638786 0.2251671552658081
