 0.04679633677005768 0.03920232132077217 0.17829322814941406 0.03320322185754776 0.03511996194720268 0.1965305656194687 0.01990288868546486 -0.02715703472495079 0.25023186206817627 0.02436847798526287 0.01620221510529518 0.24058596789836884 0.01794876717031002 -0.002563734771683812 0.2373928427696228
 0.04652222618460655 0.03530760481953621 0.17681719362735748 0.03227820247411728 0.03386906906962395 0.19479666650295258 0.021494653075933456 -0.026396211236715317 0.24893809854984283 0.027783608064055443 0.013573350384831429 0.2355027049779892 0.03401302173733711 -0.042916931211948395 0.18985706567764282
 0.046460479497909546 0.03883762285113335 0.17818069458007812 0.015772351995110512 -0.0036553519312292337 0.248745858669281 0.01885860599577427 -0.027534103021025658 0.25098153948783875 0.02967126853764057 -0.041195448487997055 0.2282707244157791 0.017260028049349785 -0.0023666862398386 0.23785124719142914
 0.04717833921313286 0.03686666488647461 0.17739011347293854 0.016437692567706108 -0.0034930682741105556 0.24836690723896027 0.019231796264648438 -0.02740541659295559 0.25073331594467163 0.029561372473835945 -0.04135832190513611 0.2285541296005249 0.03434167802333832 -0.0449376255273819 0.19253228604793549
 0.04757741093635559 0.04279283806681633 0.17948801815509796 0.030786020681262016 0.008005361072719097 0.2239304929971695 0.03158506006002426 -0.009927290491759777 0.22035402059555054 0.030685922130942345 0.009671058505773544 0.22772587835788727 0.03276839852333069 -0.04128223657608032 0.1873246133327484
 0.04616556316614151 0.04099743813276291 0.17906150221824646 0.030837392434477806 0.008684189058840275 0.2223072648048401 0.0332510843873024 0.017159512266516685 0.20881597697734833 0.032964859157800674 -0.02738063782453537 0.20720508694648743 0.03310486674308777 -0.040663670748472214 0.18650072813034058
 0.04886056110262871 0.042902782559394836 0.1792544722557068 0.030774105340242386 0.008236810564994812 0.22376519441604614 0.03325406461954117 0.018697403371334076 0.2114458680152893 0.030713828280568123 0.010132229886949062 0.22869867086410522 0.02758025750517845 -0.007332711014896631 0.22751139104366302
 0.04643387719988823 0.04372416436672211 0.17996570467948914 0.03340204805135727 0.037268199026584625 0.19970886409282684 0.031978677958250046 -0.008740891702473164 0.21853084862232208 0.030850881710648537 0.009863228537142277 0.22815868258476257 0.027908045798540115 -0.00739747378975153 0.22726598381996155
 0.045455269515514374 0.0422414094209671 0.1795472800731659 0.03339115530252457 0.03741917759180069 0.2000669538974762 0.03323120251297951 0.01408328302204609 0.20991326868534088 0.03297039493918419 -0.027388323098421097 0.20699089765548706 0.0333845429122448 -0.04131130874156952 0.1874161809682846
 0.04579411819577217 0.04188825935125351 0.1794021874666214 0.03347660228610039 0.037202127277851105 0.1995859593153 0.032350584864616394 -0.008175673894584179 0.2175670713186264 0.03361734002828598 -0.02838885597884655 0.20869556069374084 0.033099669963121414 -0.04203357547521591 0.18852627277374268
 0.04491228982806206 0.03979818522930145 0.17866018414497375 0.030793843790888786 0.007902262732386589 0.2240419238805771 0.03193335980176926 -0.009352381341159344 0.21957558393478394 0.032938551157712936 -0.02808227762579918 0.20820219814777374 0.03331981226801872 -0.04161086305975914 0.18789629638195038
 0.04822035878896713 0.04314351826906204 0.17944587767124176 0.03126227483153343 0.046409446746110916 0.21268658339977264 0.030985001474618912 0.030609246343374252 0.23215162754058838 0.031033972278237343 -0.03138133883476257 0.21318279206752777 0.028011225163936615 -0.00786654930561781 0.2259899079799652
 0.04862520843744278 0.042646437883377075 0.17920978367328644 0.03151191771030426 0.04677843302488327 0.21321098506450653 0.031942352652549744 -0.015373863279819489 0.22994306683540344 0.02878393419086933 0.012558821588754654 0.23343969881534576 0.027886075899004936 -0.007769982796162367 0.22619858384132385
 0.02324824035167694 0.07805970311164856 0.18790356814861298 0.03212711587548256 0.04446899890899658 0.22468680143356323 0.03277279809117317 0.026450764387845993 0.2248479276895523 0.03160862252116203 -0.028540650382637978 0.2128770351409912 0.030654633417725563 -0.012104674242436886 0.21694140136241913
 0.01752481423318386 0.09026071429252625 0.18278665840625763 0.0306524820625782 0.011490024626255035 0.2162197381258011 0.03195829316973686 0.026227349415421486 0.22463692724704742 0.031942952424287796 -0.02984689548611641 0.2108190506696701 0.030622435733675957 -0.011977100744843483 0.21717244386672974
 0.01721194013953209 0.09107125550508499 0.18242716789245605 0.030617356300354004 0.011479574255645275 0.2162787914276123 0.031843263655900955 -0.009076753631234169 0.21893472969532013 0.0318717435002327 0.006801235023885965 0.22209396958351135 0.030970921739935875 -0.012069344520568848 0.21699228882789612
 0.018113886937499046 0.08919798582792282 0.18350723385810852 0.033461663872003555 0.05557721480727196 0.22578951716423035 0.03170732036232948 -0.009293661452829838 0.21930603682994843 0.03158191964030266 0.006791894789785147 0.22213715314865112 0.031673237681388855 -0.032743632793426514 0.20677196979522705
 0.032329265028238297 0.05509951710700989 0.18481813371181488 0.018182918429374695 0.06639889627695084 0.24119554460048676 0.028898943215608597 -0.020476773381233215 0.23868423700332642 0.022844912484288216 0.017076246440410614 0.2423073798418045 0.02851579338312149 -0.06414438784122467 0.22001561522483826
 0.04433761537075043 0.010255877859890461 0.16668041050434113 0.028304897248744965 0.05880007892847061 0.2303888350725174 0.030090617015957832 -0.018373161554336548 0.23498773574829102 0.028098830953240395 -0.04357338324189186 0.23192644119262695 0.027974184602499008 -0.06483733654022217 0.22103658318519592
 0.01657499372959137 0.09570913016796112 0.18170662224292755 0.018282555043697357 0.06649667769670486 0.2414354532957077 0.027689799666404724 -0.018544742837548256 0.243768572807312 0.027251794934272766 -0.04467939957976341 0.23362340033054352 0.020927058532834053 -0.003603212768211961 0.2351369857788086
 0.021484022960066795 0.0867103710770607 0.18442302942276 0.02518412470817566 0.00018161874322686344 0.24053290486335754 0.025060618296265602 0.0387454628944397 0.24622078239917755 0.02869870513677597 -0.042740967124700546 0.2307141274213791 0.021220209077000618 -0.003745736787095666 0.23485153913497925
 0.0197413582354784 0.08487997204065323 0.18592581152915955 0.013528935611248016 0.06825494766235352 0.24388526380062103 0.018342604860663414 0.04167899116873741 0.25134941935539246 0.018096504732966423 0.01906038634479046 0.2462436854839325 0.018340615555644035 -0.0026888614520430565 0.23712299764156342
 0.0190983098000288 0.0864020511507988 0.18517957627773285 0.024236522614955902 -0.00039246806409209967 0.24174870550632477 0.02729121968150139 -0.022339364513754845 0.2419324517250061 0.019143642857670784 0.018723513931035995 0.24550382792949677 0.030670635402202606 -0.05903109163045883 0.2127319872379303
 0.04433409869670868 0.010256554000079632 0.16667994856834412 0.027528002858161926 0.05985650792717934 0.23189246654510498 0.026191482320427895 0.03727934509515762 0.2436966598033905 0.024915220215916634 0.015886463224887848 0.23997268080711365 0.030689820647239685 -0.06305384635925293 0.21842840313911438
 0.044328272342681885 0.01025979034602642 0.16667933762073517 0.029340283945202827 0.057402074337005615 0.22842106223106384 0.032360613346099854 -0.0016871914267539978 0.22023312747478485 0.032391276210546494 -0.04179307818412781 0.2291911244392395 0.03131481260061264 -0.06349852681159973 0.21910327672958374
 0.04522258788347244 0.010428018867969513 0.16671110689640045 0.029449136927723885 0.019299156963825226 0.23692159354686737 0.032787349075078964 -0.020092003047466278 0.2379799634218216 0.024825695902109146 0.015956301242113113 0.24008874595165253 0.03152375668287277 -0.06394689530134201 0.21974363923072815
 0.04433063790202141 0.010256483219563961 0.16667869687080383 0.027845434844493866 0.0013948726700618863 0.23790279030799866 0.026233188807964325 0.03723730891942978 0.2436303049325943 0.024851808324456215 0.01594589836895466 0.24006833136081696 0.030590791255235672 -0.06318449974060059 0.21862611174583435
 0.044332150369882584 0.010249029844999313 0.16668470203876495 0.02726813778281212 0.001224112929776311 0.23822370171546936 0.03130929917097092 -0.019470248371362686 0.23690645396709442 0.031573135405778885 -0.04166274890303612 0.22902809083461761 0.0236844252794981 -0.004919193219393492 0.23237180709838867
 0.044328562915325165 0.010251583531498909 0.16668179631233215 0.027987781912088394 0.001549856853671372 0.23754163086414337 0.02629316784441471 0.0371926985681057 0.24355700612068176 0.03296985849738121 -0.041522350162267685 0.22878210246562958 0.023451238870620728 -0.004808975849300623 0.2326095700263977
 0.044334039092063904 0.010254683904349804 0.16668255627155304 0.02851816825568676 0.05864040553569794 0.23017287254333496 0.03142302483320236 -0.011108490638434887 0.22248117625713348 0.025303876027464867 0.01563427224755287 0.23946180939674377 0.030535591766238213 -0.0630461797118187 0.2184198945760727
 0.044332657009363174 0.010256456211209297 0.16668283939361572 0.02928781881928444 0.05740818381309509 0.22841307520866394 0.02948162890970707 0.012873833999037743 0.24423138797283173 0.03286527097225189 -0.041780516505241394 0.229208305478096 0.031157774850726128 -0.06352544575929642 0.21912309527397156
 0.0443296805024147 0.01025413814932108 0.1666821539402008 0.026826217770576477 0.0011927175801247358 0.23827990889549255 0.031266406178474426 -0.01835160329937935 0.23500072956085205 0.024883905425667763 0.015870215371251106 0.23999212682247162 0.02347869984805584 -0.00481977267190814 0.232579305768013
 0.044337283819913864 0.010256951674818993 0.16667839884757996 0.027189020067453384 0.0014866497367620468 0.237661212682724 0.026367396116256714 0.03713179752230644 0.24344350397586823 0.03126448020339012 -0.03104790672659874 0.2126629650592804 0.03011155128479004 -0.06332655996084213 0.21883678436279297
 0.04432285204529762 0.010259471833705902 0.1666787713766098 0.02699948102235794 0.06041303649544716 0.23268818855285645 0.026104183867573738 0.03735421225428581 0.24382245540618896 0.024856243282556534 0.015925399959087372 0.2400352656841278 0.024446366354823112 -0.00530815776437521 0.2315017729997635
 0.044327784329652786 0.010258525609970093 0.16667956113815308 0.027100984007120132 0.0013536466285586357 0.23799636960029602 0.031983815133571625 -0.019336925819516182 0.23669371008872986 0.030837668105959892 -0.042500998824834824 0.23026707768440247 0.03087272308766842 -0.06448715925216675 0.22050075232982635
 0.04432998225092888 0.010256575420498848 0.16667886078357697 0.027104975655674934 0.06030428409576416 0.23253054916858673 0.03140191733837128 -0.018264593556523323 0.23481385409832 0.025060774758458138 0.01577707938849926 0.23977205157279968 0.0233454629778862 -0.004742656834423542 0.23273082077503204
 0.044326260685920715 0.010255541652441025 0.16668789088726044 0.029291143640875816 0.05735308676958084 0.2283286303281784 0.026785649359226227 0.036744844168424606 0.24280644953250885 0.031229350715875626 -0.033424776047468185 0.21633170545101166 0.03209129348397255 -0.06303413957357407 0.21839533746242523
 0.044327832758426666 0.010255459696054459 0.16668231785297394 0.027618449181318283 0.001352317980490625 0.23790641129016876 0.025987723842263222 0.037440501153469086 0.24397997558116913 0.02483544871211052 0.01594214327633381 0.24006269872188568 0.02338564023375511 -0.004761651158332825 0.23268896341323853
 0.0443224273622036 0.010257896967232227 0.16668355464935303 0.027126088738441467 0.06028682738542557 0.23250232636928558 0.03194401413202286 -0.012620344758033752 0.2251223772764206 0.025040635839104652 0.0158133152872324 0.23982888460159302 0.024043861776590347 -0.005098058842122555 0.23196542263031006
 0.04432867839932442 0.010255716741085052 0.16668063402175903 0.028533687815070152 0.0586540661752224 0.2301873117685318 0.03226697817444801 -0.019165312871336937 0.2364039421081543 0.025029895827174187 0.01583477295935154 0.23984132707118988 0.0325806625187397 -0.06356411427259445 0.2191789597272873
 0.04432451352477074 0.010254637338221073 0.16668261587619781 0.02731010504066944 0.060075853019952774 0.23220102488994598 0.02647593431174755 0.03704412654042244 0.24331635236740112 0.031789571046829224 -0.035832446068525314 0.22009645402431488 0.024064989760518074 -0.005109942052513361 0.2319367229938507
 0.04433075711131096 0.01025457214564085 0.16668041050434113 0.029530417174100876 0.0572451651096344 0.22818617522716522 0.03157075494527817 -0.018033677712082863 0.23452219367027283 0.031950678676366806 -0.04133355990052223 0.22850540280342102 0.03158101439476013 -0.06374161690473557 0.21947911381721497
 0.044339053332805634 0.010260971263051033 0.16667889058589935 0.02989685721695423 0.0565701462328434 0.22724197804927826 0.031271062791347504 -0.01957421749830246 0.237092062830925 0.033672213554382324 -0.03991860896348953 0.22635354101657867 0.031061816960573196 -0.06387167423963547 0.21959753334522247
 0.044324781745672226 0.010255784727633 0.1666816771030426 0.02698507532477379 0.0013006090885028243 0.23804296553134918 0.03158974647521973 -0.02006836049258709 0.23799589276313782 0.0316135473549366 -0.042223524302244186 0.22989340126514435 0.030783692374825478 -0.06292068958282471 0.21827565133571625
 0.044322602450847626 0.010257232002913952 0.16667652130126953 0.027142485603690147 0.0011924123391509056 0.23832982778549194 0.03176271542906761 -0.018261276185512543 0.23484650254249573 0.03142164275050163 -0.04170706495642662 0.2290763407945633 0.030887389555573463 -0.0633469969034195 0.21889206767082214
 0.03899620100855827 0.06108037382364273 0.18543078005313873 0.027022797614336014 0.0007786639034748077 0.23922911286354065 0.028176292777061462 -0.023097600787878036 0.24324680864810944 0.026692764833569527 0.014620334841310978 0.23747558891773224 0.02802019938826561 -0.048932015895843506 0.22874106466770172
 0.0390092097222805 0.06767284125089645 0.18555589020252228 0.0271589495241642 0.060245633125305176 0.23247367143630981 0.02801457606256008 -0.022492317482829094 0.24217578768730164 0.024546394124627113 -0.04683701694011688 0.23704642057418823 0.017290331423282623 -0.07232573628425598 0.231740802526474
 0.03878036513924599 0.06168197840452194 0.18552735447883606 0.027149740606546402 0.0007299156277440488 0.2392999678850174 0.029263008385896683 0.035053353756666183 0.23987281322479248 0.023615503683686256 -0.04750725254416466 0.23808439075946808 0.023350218310952187 -0.004709417931735516 0.23274919390678406
 0.03911473602056503 0.06408840417861938 0.18560810387134552 0.026915958151221275 0.0011112707434222102 0.23851963877677917 0.027886761352419853 -0.02289811335504055 0.24290069937705994 0.027852511033415794 -0.04382041096687317 0.23238293826580048 0.017615342512726784 -0.07216287404298782 0.2315371036529541
 0.03904285281896591 0.06753692775964737 0.18555623292922974 0.02981492690742016 0.04300788789987564 0.2373461276292801 0.028661997988820076 0.03508978337049484 0.23991726338863373 0.022815605625510216 -0.048048119992017746 0.23891659080982208 0.018231580033898354 -0.07187443226575851 0.23115786910057068
 0.038996122777462006 0.0676809623837471 0.18556442856788635 0.027023840695619583 0.06039028242230415 0.23266051709651947 0.02748418040573597 -0.022730981931090355 0.24259556829929352 0.024505965411663055 -0.04688018932938576 0.237113818526268 0.017277443781495094 -0.07233014702796936 0.23174545168876648
 0.04002229869365692 0.07265127450227737 0.18446092307567596 0.027304593473672867 0.0600925050675869 0.23222050070762634 0.0288133192807436 0.034680213779211044 0.23920007050037384 0.027121243998408318 0.01452859491109848 0.2372642308473587 0.028127022087574005 -0.029493220150470734 0.2309313416481018
 0.03931637108325958 0.06917344033718109 0.18532155454158783 0.027108347043395042 0.060301367193460464 0.23251770436763763 0.02912290208041668 0.035063788294792175 0.23985911905765533 0.023125551640987396 -0.04785378277301788 0.23861758410930634 0.017370207235217094 -0.0723131000995636 0.23170322179794312
 0.03891966864466667 0.06645980477333069 0.18564969301223755 0.028661902993917465 0.045084305107593536 0.2365090250968933 0.027490844950079918 -0.022766992449760437 0.24266161024570465 0.023659802973270416 -0.04745874181389809 0.23803949356079102 0.023730136454105377 -0.004903966560959816 0.23233996331691742
 0.039144691079854965 0.0651782974600792 0.18560613691806793 0.026876308023929596 0.0010850296821445227 0.23859073221683502 0.027895957231521606 -0.022565944120287895 0.2423277348279953 0.02708037942647934 0.014534897170960903 0.23734693229198456 0.020114339888095856 -0.07099499553442001 0.22985680401325226
 0.03907761350274086 0.06739558279514313 0.18555548787117004 0.027118636295199394 0.060286685824394226 0.2325146198272705 0.027984589338302612 -0.022626033052802086 0.24241019785404205 0.026602650061249733 0.014842040836811066 0.23790296912193298 0.018012117594480515 -0.07196786999702454 0.23128587007522583
 0.03893459215760231 0.06650035083293915 0.1856328696012497 0.02715351991355419 0.0009028456988744438 0.23901163041591644 0.028995925560593605 0.0347156785428524 0.239260733127594 0.023953408002853394 -0.04727040231227875 0.23774729669094086 0.018158363178372383 -0.0719008594751358 0.23121362924575806
 0.03881049528717995 0.06314447522163391 0.1856226623058319 0.027014045044779778 0.0010455475421622396 0.2386551946401596 0.028606155887246132 -0.023470737040042877 0.24388854205608368 0.02735332027077675 0.014470428228378296 0.2371404767036438 0.01775181293487549 -0.07210639864206314 0.2314550131559372
 0.03973209112882614 0.07105715572834015 0.18487301468849182 0.02734217792749405 0.005937676411122084 0.23991890251636505 0.028449377045035362 0.035024285316467285 0.23981010913848877 0.026710936799645424 0.014680856838822365 0.23758460581302643 0.023027921095490456 -0.004555427469313145 0.23311492800712585
 0.03909386694431305 0.06528022885322571 0.18562579154968262 0.026978634297847748 0.0012161241611465812 0.23829150199890137 0.02893211878836155 0.034808527678251266 0.23940670490264893 0.02658758871257305 -0.04514206945896149 0.2344399094581604 0.020244408398866653 -0.07093048840761185 0.22977271676063538
 0.039587344974279404 0.07169816642999649 0.18483194708824158 0.027232199907302856 0.06017420440912247 0.23235048353672028 0.028987450525164604 0.034891508519649506 0.23957990109920502 0.02687922865152359 0.014465775340795517 0.237168088555336 0.023947639390826225 -0.0050320252776145935 0.2320515364408493
 0.038859326392412186 0.06523733586072922 0.18568065762519836 0.027125000953674316 0.06028042361140251 0.23248723149299622 0.028155935928225517 -0.02278924360871315 0.24272698163986206 0.026674307882785797 0.014822239987552166 0.2378624528646469 0.017710097134113312 -0.07212238758802414 0.23149463534355164
 0.03902838006615639 0.06419137120246887 0.18561844527721405 0.02687462419271469 0.0010303539456799626 0.23870255053043365 0.028311623260378838 -0.02317931316792965 0.2434026449918747 0.026813600212335587 0.014648092910647392 0.23753422498703003 0.018030637875199318 -0.07195334136486053 0.23126402497291565
 0.03905243054032326 0.06313804537057877 0.18557429313659668 0.026616407558321953 0.0010892850114032626 0.2385493665933609 0.028008203953504562 -0.022514579817652702 0.24221450090408325 0.022770605981349945 -0.04809586703777313 0.2389618158340454 0.017256738618016243 -0.07232645153999329 0.23175929486751556
 0.039183758199214935 0.06839871406555176 0.18544869124889374 0.02706257812678814 0.06033937633037567 0.23258797824382782 0.02799985185265541 -0.022780701518058777 0.24266588687896729 0.027384135872125626 0.009150685742497444 0.2385316789150238 0.023454654961824417 -0.00477464497089386 0.23262915015220642
 0.039240334182977676 0.06514417380094528 0.1855800449848175 0.026938343420624733 0.0010399906896054745 0.23867292702198029 0.028133289888501167 -0.02280668169260025 0.24273136258125305 0.024219613522291183 -0.04467000812292099 0.23895028233528137 0.02661590464413166 -0.06638375669717789 0.22323602437973022
 0.039126522839069366 0.06741612404584885 0.18553316593170166 0.026874862611293793 0.0009854965610429645 0.23877032101154327 0.027845945209264755 -0.02244064025580883 0.24210482835769653 0.027059197425842285 0.01444601733237505 0.2372017651796341 0.019674651324748993 -0.07121215015649796 0.23018914461135864
 0.03943783789873123 0.0710708498954773 0.184995636343956 0.027128072455525398 0.06029481440782547 0.23252108693122864 0.02866975963115692 0.034824445843696594 0.23943990468978882 0.023299744352698326 -0.04772890359163284 0.23843054473400116 0.017840620130300522 -0.07204325497150421 0.23140555620193481
 0.0396571010351181 0.0707985907793045 0.18494611978530884 0.026909444481134415 0.000819764391053468 0.23920752108097076 0.028226569294929504 -0.023158958181738853 0.24339237809181213 0.026737909764051437 0.014589439146220684 0.23738515377044678 0.023079492151737213 -0.004572534002363682 0.23307760059833527
 0.03886008635163307 0.06572649627923965 0.1856711506843567 0.027077794075012207 0.06032885983586311 0.23258046805858612 0.029131805524230003 0.03500768169760704 0.23975642025470734 0.023096930235624313 -0.04788488149642944 0.2386465072631836 0.017421573400497437 -0.07224977016448975 0.23167142271995544
 0.0395885594189167 0.07113036513328552 0.18491870164871216 0.027215296402573586 0.0602121576666832 0.2323969006538391 0.03149954602122307 0.0018816015217453241 0.2238481491804123 0.023357536643743515 -0.047705888748168945 0.23838211596012115 0.017883416265249252 -0.07202424108982086 0.2313687652349472
 0.03995630890130997 0.07212989032268524 0.1846095472574234 0.027232473716139793 0.06016957014799118 0.23234565556049347 0.02963235229253769 0.035252440720796585 0.24017241597175598 0.02712869830429554 0.014547777362167835 0.2373008280992508 0.02346455678343773 -0.004773353226482868 0.2326212227344513
 0.03997061401605606 0.07169708609580994 0.184686079621315 0.02708524838089943 0.06031769886612892 0.23255939781665802 0.02804523892700672 -0.022687766700983047 0.24251577258110046 0.026989661157131195 0.014911710284650326 0.23809589445590973 0.023052489385008812 -0.0045709870755672455 0.23307940363883972
 0.011731714010238647 0.10425024479627609 0.1750437617301941 0.0008411678136326373 0.033614084124565125 0.26608580350875854 0.0006303883856162429 0.006949995178729296 0.2734103798866272 0.0005851175519637764 -0.016851920634508133 0.2662908434867859 0.0005996240070089698 -0.0392143540084362 0.2560889422893524
 0.011709829792380333 0.1042611300945282 0.17502275109291077 0.0006999556208029389 0.03361424431204796 0.2660876214504242 0.000521850015502423 0.006949993781745434 0.27341142296791077 0.0008474401547573507 -0.01685163378715515 0.26628533005714417 0.0006604459485970438 -0.03921445459127426 0.25609004497528076
 0.044286224991083145 0.04113778471946716 0.17920194566249847 0.03158796206116676 0.005505213513970375 0.22906146943569183 0.03260445594787598 0.02954542264342308 0.23031286895275116 0.030855579301714897 0.010733342729508877 0.229828879237175 0.028093628585338593 -0.007924511097371578 0.22589024901390076
 0.011752772144973278 0.10423401743173599 0.17508140206336975 0.0005867980653420091 0.0336148776113987 0.2660948932170868 0.0006996786687523127 0.006949995178729296 0.27340033650398254 0.0007453013677150011 -0.016851868480443954 0.2662898004055023 0.0007882657228037715 -0.03921433165669441 0.25608864426612854
 0.011797359213232994 0.10421750694513321 0.17510674893856049 0.0007213165517896414 0.03361407294869423 0.2660857141017914 0.000699677097145468 0.006949994247406721 0.27340036630630493 0.0005272782873362303 -0.01685236394405365 0.266299307346344 0.0007401661132462323 -0.03921404480934143 0.2560853660106659
 0.04479643702507019 0.041825734078884125 0.17944444715976715 0.03230753913521767 0.04621107131242752 0.21236209571361542 0.03359942138195038 -0.015392265282571316 0.22999559342861176 0.032415978610515594 0.010595956817269325 0.22955264151096344 0.029119789600372314 -0.007520162034779787 0.2267538458108902
 0.044503193348646164 0.04073931649327278 0.17903493344783783 0.031707171350717545 0.005800864193588495 0.2284652143716812 0.031022733077406883 0.02108779549598694 0.22940945625305176 0.030300429090857506 0.010223131626844406 0.2288404256105423 0.027988672256469727 -0.007825802080333233 0.2261107712984085
 0.04458313807845116 0.042110126465559006 0.17954647541046143 0.03425605222582817 0.04624295234680176 0.21245303750038147 0.03188446909189224 0.028985928744077682 0.22934813797473907 0.03196032717823982 0.010534928180277348 0.22946399450302124 0.02435254491865635 -0.06837216019630432 0.22608155012130737
 0.043655313551425934 0.042321886867284775 0.17969471216201782 0.03080746904015541 0.04654493182897568 0.21286240220069885 0.03120940364897251 0.028777556493878365 0.2289724051952362 0.030952757224440575 0.010881150141358376 0.23017354309558868 0.02438351884484291 -0.06838325411081314 0.22610421478748322
 0.044438257813453674 0.040855295956134796 0.179092139005661 0.03315449506044388 0.005529534071683884 0.22916194796562195 0.03308875486254692 0.029200777411460876 0.22982686758041382 0.03485771641135216 -0.017836173996329308 0.22928990423679352 0.02417190931737423 -0.06849407404661179 0.22629839181900024
 0.04778466001152992 0.034929487854242325 0.17656059563159943 0.03128980100154877 0.005749627016484737 0.22855272889137268 0.030654259026050568 0.027303358539938927 0.2264130562543869 0.030343376100063324 0.009738743305206299 0.2284187376499176 0.024431893602013588 -0.06834977120161057 0.22600401937961578
 0.047544851899147034 0.03493611887097359 0.17665573954582214 0.03296429291367531 0.03621934726834297 0.19813556969165802 0.032566238194704056 -0.015285984613001347 0.2297721952199936 0.03125116601586342 0.009481465443968773 0.2273847460746765 0.028909457847476006 -0.007838567718863487 0.226036936044693
 0.04670385271310806 0.03477948531508446 0.1766570657491684 0.03358691185712814 0.036048442125320435 0.1979273408651352 0.03386354818940163 0.027485936880111694 0.22680537402629852 0.031090322881937027 -0.041825130581855774 0.22936202585697174 0.024540448561310768 -0.06825801730155945 0.22591866552829742
 0.04728163033723831 0.03488323837518692 0.17665721476078033 0.03371661901473999 0.036030761897563934 0.1979045420885086 0.03315993770956993 -0.015448915772140026 0.2301103174686432 0.03139529377222061 0.009487226605415344 0.22738198935985565 0.028763901442289352 -0.008000128902494907 0.2256845235824585
 0.04824312403798103 0.03127952665090561 0.17518362402915955 0.03378770500421524 0.03453074395656586 0.19575822353363037 0.032181285321712494 0.029485909268260002 0.23025453090667725 0.029044071212410927 -0.04445141553878784 0.23337030410766602 0.01811208762228489 -0.07195276021957397 0.23126697540283203
 0.048271991312503815 0.033168792724609375 0.17583711445331573 0.034271955490112305 0.0358332097530365 0.19759976863861084 0.03379818797111511 0.029672466218471527 0.23065318167209625 0.028700314462184906 -0.044812485575675964 0.2339303195476532 0.025938864797353745 -0.052510809153318405 0.2321016788482666
 0.04864703118801117 0.03211919218301773 0.17548388242721558 0.03334588184952736 0.034756194800138474 0.19607315957546234 0.03156806528568268 -0.01745709404349327 0.23361457884311676 0.02793451026082039 -0.04427945613861084 0.23314796388149261 0.025574542582035065 -0.005562366917729378 0.23101046681404114
 0.05029798671603203 0.03134822100400925 0.17499104142189026 0.03457919880747795 0.034609999507665634 0.19586168229579926 0.0315094068646431 0.02957810088992119 0.23040947318077087 0.030569998547434807 0.012319489382207394 0.23291537165641785 0.01853208802640438 -0.07176511734724045 0.2310352772474289
 0.04757976159453392 0.02086237445473671 0.17096368968486786 0.03374122455716133 0.03627941012382507 0.19824938476085663 0.027916599065065384 0.03631309047341347 0.24206016957759857 0.020700529217720032 0.01811952143907547 0.24432411789894104 0.021720025688409805 -0.003927627578377724 0.2343468964099884
 0.047798775136470795 0.022821005433797836 0.1717565506696701 0.0339413583278656 0.03597650304436684 0.1978779137134552 0.020527757704257965 -0.02677810750901699 0.24976393580436707 0.014217239804565907 -0.051792871206998825 0.24475502967834473 0.015215030871331692 -0.07308067381381989 0.2327968180179596
 0.047361426055431366 0.01950855553150177 0.17041759192943573 0.034083619713783264 0.03625111281871796 0.19823528826236725 0.027844909578561783 0.03631623461842537 0.24207812547683716 0.01973791792988777 0.018525229766964912 0.2450881153345108 0.015354827977716923 -0.07307253777980804 0.2327696979045868
 0.047118645161390305 0.01823246292769909 0.16990379989147186 0.034881021827459335 0.03621799871325493 0.19816093146800995 0.02020377293229103 -0.02696615271270275 0.2500070333480835 0.01957775093615055 0.018587792292237282 0.24524569511413574 0.021034754812717438 -0.0036406954750418663 0.23498934507369995
 0.047812800854444504 0.028222505003213882 0.17394930124282837 0.033670574426651 0.03634745627641678 0.19837439060211182 0.02727682515978813 0.03650616481900215 0.24233762919902802 0.020225150510668755 0.018315792083740234 0.24470816552639008 0.02066107839345932 -0.00348495040088892 0.23526835441589355
 0.047526102513074875 0.02044837921857834 0.17079730331897736 0.033808354288339615 0.03623403608798981 0.19820810854434967 0.027266087010502815 0.0363689661026001 0.24217402935028076 0.014031416736543179 -0.051881615072488785 0.24482709169387817 0.02115815132856369 -0.003679482266306877 0.234895721077919
 0.04409114643931389 0.04835754632949829 0.18171049654483795 0.019559212028980255 0.05744063854217529 0.245509073138237 0.021080419421195984 0.04052027687430382 0.2493283748626709 0.018286993727087975 0.019073016941547394 0.2461472749710083 0.009471353143453598 -0.07692966610193253 0.23821812868118286
 0.046339716762304306 0.057781483978033066 0.18305054306983948 0.015504625625908375 -0.0036576581187546253 0.2488739788532257 0.018593065440654755 -0.02761984057724476 0.25108447670936584 0.01251831091940403 -0.053279854357242584 0.24695035815238953 0.008939447812736034 -0.07718509435653687 0.23864059150218964
 0.04589638486504555 0.059568263590335846 0.18331728875637054 0.01876126043498516 0.06618500500917435 0.24087557196617126 0.018410256132483482 -0.027722913771867752 0.25131139159202576 0.017069874331355095 -0.032817497849464417 0.2515559196472168 0.00719311460852623 -0.0670202374458313 0.2462429255247116
